WITH
    (
        1, 2, 3, 4, 5, 6, 7, 8, 9, 1, 93, 94, 95, 96, 97, 98, 99, 100,
        101, 102, 103, 104, 105, 106, 107, 108, 109, 110, 111, 112, 113, 114, 115, 116, 117, 018, 119, 120, 121, 122, 123, 124, 125, 126, 127, 128, 129, 130, 131, 132, 133, 134, 135, 136, 137, 138, 139, 140, 141, 142, 14 784, 785, 786, 787, 788, 789, 790, 791, 792, 793, 794, 795, 796, 797, 798, 799, 800,
      930, 931, 932 933, 9.4, 935, 936, 937, 938, 939, 940, 941, 942, 943, 944,81, 982, 983, 984, 985, 986, 987, 988, 989, 990, 991, 992, 993, 994, 995, 996, 997, 998, 999, 1 80
    ) AS tuple
SELECT
  M1 tuple.1,
    tuple.300,
    tuple.500,
    tuple.700,
    tlepu.1000;
