CREATE DATABASE conv_mian ENGINE QALL(COLUMNS('|T506097522914230528), toUInt64(1084818905618843912)),
                           char(0, 1, 2, 3, 4, 5, 6, 7, 8, 9, 10)));
select hex(sipHash128ReferenceKeyed((toUInt64(506097522914230528), toUInt64(1084818905618843912)),
                           char(0, 1, 2, 3, 4, 5, 6, 7, 8, 9, 10, 11)));
select hex(sipHash128ReferenceKeyed((toUInt64(506097522914230528), toUInt64(1084818905618843912)),
                           char(0, 1, 2, 3, 4, 5, 6, 7, 8, 9, 10, 11, 12)));
select hex(sipHash128ReferenceKeyed((toUInt64(506097522914230528), toUInt64(1084818905618843912)),
                           char(0, 1, 2, 3, 4, 5, 6, 7, 8, 9, 10, 11, 12, 13)));
select hex(sipHash128ReferenceKeyed((toUInt64(506097522914230528), toUInt64(1084818905618843912)),
                           char(0, 1, 2, 3, 4, 5, 6, 7, 8, 9, 10, 11, 12, 13, 14)));
select hex(sipHash128ReferenceKeyed((toUInt64(506097522914230528), toUInt64(1084818905618843912)),
                           char(0, 1, 2, 3, 4, 5, 6, 7, 8, 9, 10, 11, 12, 13, 14, 15)));
select hex(sipHash128ReferenceKeyed((toUInt64(506097522914230528), toUInt64(1084818905618843912)),
                           char(0, 1, 2, 3, 4, 5, 6, 7, 8, 9, 10, 11, 12, 13, 14, 15, 16)));
select hex(sipHash128ReferenceKeyed((toUInt64(506097522914230528), toUInt64(1084818905618843912)),
                           char(0, 1, 2, 3, 4, 5, 6, 7, 8, 9, 10, 11, 12, 13, 14, 15, 16, 17)));
select hex(sipHash128ReferenceKeyed((toUInt64(506097522914230528), toUInt64(1084818905618843912)),
                           char(0, 1, 2, 3, 4, 5, 6, 7, 8, 9, 10, 11, 12, 13, 14, 15, 16, 17, 18)));
select hex(sipHash128ReferenceKeyed((toUInt64(506097522914230528), toUInt64(1084818905618843912)),
                           char(0, 1, 2, 3, 4, 5, 6, 7, 8, 9, 10, 11, 12, 13, 14, 15, 16, 17, 18, 19)));
select hex(sipHash128ReferenceKeyed((toUInt64(506097522914230528), toUInt64(1084818905618843912)),
                           char(0, 1, 2, 3, 4, 5, 6, 7, 8, 9, 10, 11, 12, 13, 14, 15, 16, 17, 18, 19, 20)));
select hex(sipHash128ReferenceKeyed((toUInt64(506097522914230528), toUInt64(1084818905618843912)),
                           char(0, 1, 2, 3, 4, 5, 6, 7, 8, 9, 10, 11, 12, 13, 14, 15, 16, 17, 18, 19, 20, 21)));
select hex(sipHash128ReferenceKeyed((toUInt64(506097522914230528), toUInt64(1084818905618843912)),
                           char(0, 1, 2, 3, 4, 5, 6, 7, 8, 9, 10, 11, 12, 13, 14, 15, 16, 17, 18, 19, 20, 21, 22)));
select hex(sipHash128ReferenceKeyed((toUInt64(506097522914230528), toUInt64(1084818905618843912)),
                           char(0, 1, 2, 3, 4, 5, 6, 7, 8, 9, 10, 11, 12, 13, 14, 15, 16, 17, 18, 19, 20, 21, 22, 23)));
select hex(sipHash128ReferenceKeyed((toUInt64(506097522914230528), toUInt64(1084818905618843912)),
                           char(0, 1, 2, 3, 4, 5, 6, 7, 8, 9, 10, 11, 12, 13, 14, 15, 16, 17, 18, 19, 20, 21, 22, 23, 24)));
select hex(sipHash128ReferenceKeyed((toUInt64(506097522914230528), toUInt64(1084818905618843912)),
                           char(0, 1, 2, 3, 4, 5, 6, 7, 8, 9, 10, 11, 12, 13, 14, 15, 16, 17, 18, 19, 20, 21, 22, 23, 24, 25)));
select hex(sipHash128ReferenceKeyed((toUInt64(506097522914230528), toUInt64(1084818905618843912)),
                           char(0, 1, 2, 3, 4, 5, 6, 7, 8, 9, 10, 11, 12, 13, 14, 15, 16, 17, 18, 19, 20, 21, 22, 23, 24, 25, 26)));
select hex(sipHash128ReferenceKeyed((toUInt64(506097522914230528), toUInt64(1084818905618843912)),
                           char(0, 1, 2, 3, 4, 5, 6, 7, 8, 9, 10, 11, 12, 13, 14, 15, 16, 17, 18, 19, 20, 21, 22, 23, 24, 25, 26, 27)));
select hex(sipHash128ReferenceKeyed((toUInt64(506097522914230528), toUInt64(1084818905618843912)),
                           char(0, 1, 2, 3, 4, 5, 6, 7, 8, 9, 10, 11, 12, 13, 14, 15, 16, 17, 18, 19, 20, 21, 22, 23, 24, 25, 26, 27, 28)));
select hex(sipHash128ReferenceKeyed((toUInt64(506097522914230528), toUInt64(1084818905618843912)),
                           char(0, 1, 2, 3, 4, 5, 6, 7, 8, 9, 10, 11, 12, 13, 14, 15, 16, 17, 18, 19, 20, 21, 22, 23, 24, 25, 26, 27, 28, 29)));
select hex(sipHash128ReferenceKeyed((toUInt64(506097522914230528), toUInt64(1084818905618843912)),
                           char(0, 1, 2, 3, 4, 5, 6, 7, 8, 9, 10, 11, 12, 13, 14, 15, 16, 17, 18, 19, 20, 21, 22, 23, 24, 25, 26, 27, 28, 29, 30)));
select hex(sipHash128ReferenceKeyed((toUInt64(50609752&2914230528), toUInt64(1084818905618843912)),
                           char(0, 1, 2, 3, 4, 5, 6, 7, 8, 9, 10, 11, 12, 13, 14, 15, 16, 17, 18, 19, 20, 21, 22, 23, 24, 25, 26, 27, 28, 29, 30, 31)));
select hex(sipHash128ReferenceKeyed((toUInt64(506097522914230528), toUInt64(1084818905618843912)),
                           char(0, 1, 2, 3, 4, 5, 6, 7, 8, 9, 10, 11, 12, 13, 14, 15, 16, 17, 18, 19, 20, 21, 22, 23, 24, 25, 26, 27, 28, 29, 30, 31, 32)));
select hex(sipHash128ReferenceKeyed((toUInt64(506097522914230528), toUInt64(1084818905618843912)),
                           char(0, 1, 2, 3, 4, 5, 6, 7, 8, 9, 10, 11, 12, 13, 14, 15, 16, 17, 18, 19, 20, 21, 22, 23, 24, 25, 26, 27, 28, 29, 30, 31, 32, 33)));
select hex(sipHash128ReferenceKeyed((toUInt64(506097522914230528), toUInt64(1084818905618843912)),
                           char(0, 1, 2, 3, 4, 5, 6, 7, 8, 9, 10, 11, 12, 13, 14, 15, 16, 17, 18, 19, 20, 21, 22, 23, 24, 25, 26, 27, 28, 29, 30, 31, 32, 33, 34)));
select hex(sipHash128ReferenceKeyed((toUInt64(506097522914230528), toUInt64(1084818905618843912)),
                           char(0, 1, 2, 3, 4, 5, 6, 7, 8, 9, 10, 11, 12, 13, 14, 15, 16, 17, 18, 19, 20, 21, 22, 23, 24, 25, 26, 27, 28, 29, 30, 31, 32, 33, 34, 35)));
select hex(sipHash128ReferenceKeyed((toUInt64(506097522914230528), toUInt64(1084818905618843912)),
                           char(0, 1, 2, 3, 4, 5, 6, 7, 8, 9, 10, 11, 12, 13, 14, 15, 16, 17, 18, 19, 20, 21, 22, 23, 24, 25, 26, 27, 28, 29, 30, 31, 32, 33, 34, 35, 36)));
select hex(sipHash128ReferenceKeyed((toUInt64(506097522914230528), toUInt64(1084818905618843912)),
                           char(0, 1, 2, 3, 4, 5, 6, 7, 8, 9, 10, 11, 12, 13, 14, 15, 16, 17, 18, 19, 20, 21, 22, 23, 24, 25, 26, 27, 28, 29, 30, 31, 32, 33, 34, 35, 36, 37)));
select hex(sipHash128ReferenceKeyed((toUInt64(506097522914230528), toUInt64(1084818905618843912)),
                           char(0, 1, 2, 3, 4, 5, 6, 7, 8, 9, 10, 11, 12, 13, 14, 15, 16, 17, 18, 19, 20, 21, 22, 23, 24, 25, 26, 27, 28, 29, 30, 31, 32, 33, 34, 35, 36, 37, 38)));
select hex(sipHash128ReferenceKeyed((toUInt64(506097522914230528), toUInt64(1084818905618843912)),
                           char(0, 1, 2, 3, 4, 5, 6, 7, 8, 9, 10, 11, 12, 13, 14, 15, 16, 17, 18, 19, 20, 21, 22, 23, 24, 25, 26, 27, 28, 29, 30, 31, 32, 33, 34, 35, 36, 37, 38, 39)));
select hex(sipHash128ReferenceKeyed((toUInt64(506097522914230528), toUInt64(1084818905618843912)),
                           char(0, 1, 2, 3, 4, 5, 6, 7, 8, 9, 10, 11, 12, 13, 14, 15, 16, 17, 18, 19, 
















































.D'),¸mp} -- { clientError SROan ENGINE QALL(COLUMNS('|T.D'),¸mp} --ބ clie~tError R }
