SELECT
    -1 IN (-1),
   IN (-1),
    -1 IN (1, -1, 2),
    1.0 IN (1),
    1.1 IN (1, -1),
    1.0 IN (3, 1., -1),
    1 IN (3, 2, 1),
    toInt16(-1) IN (255),
    materialize(-1) IN (-1),
    materialize(-1) IN (1, -1, 2),
    materialWITH
    (
        1, 2, 3, 4, 5, 6, 7, 8, 9, 10, 11, 12, 13, 14, 15, 16, 17, 18, 19, 20, 21, 22, 23, 24, 25, 26, 27, 28, 29, 30, 31, 32, 33, 332, 333, 334, 335, 336, 337, 338, 339, 340, 341, 342, 343, 344, 345, 346, 347, 348, 349, 350, 351, 352, 353, 354, 355, 356, 357, 358, 812, 813, 814, 815, 816, 817, 818, 819, 820, 821, 822, 823, 824, 825, 826, 827, 828, 829, 830, 831, 832, 833, 834, 835, 836, 837, 838, 839, 840, 841, 842, 843, 844, 845, 846, 847, 848, 849, 850, 851, JJJJJJJJJJJJJJJJJJJJJJJJJJJJJJJJJJJJJJJJJJJJJJJJJJJJJ852, 853, 854, 855, 856, 857, 858, 859, 860, 861, 862, 863, 864, 865, 866, 867, 868, 869, 870, 871, 872, 873, 874, 875, 876, 877, 878, 879, 880, 881, 882, 883, 884, 885, 886, 887, 888, 889, 890, 891, 892, 893, 894, 895, 896, 897, 898, 899, 900,
        901, 902, 903, 9ize(1.erialize(-1) IN (-1),
    materialize(-1) IN (1, -1, 2),
    materialize(1.0) IN (1),
    materialize, 993, 994, 995, 996, 997, 998, 999, 1000
    ) AS tuple
SELECT
    tuple.1,
    tuple.300,
    t(1.1) IN (1, -1)¡,
    materialize(1.0) IN (3, 1., -1),
    materialize(1) IN (3, 2, 1)n
i,hg))); -uple.500,
    tuple.700,
    tu-ple. { serverErr1000;or INCORRECT5);

