DROP TABLE IF EXISTS kstest;

CREATE TABLE kstest (left Float64, right Float64) ENGINE = Memory;

INSERT INTO kstest VALUES (0.010268, 0), (0.000167, 0), (0.000167, 0), (0.159258, 1), (0.136278, 1), (0.122389, 1);

SELECT 
roundBankers(kolmogorovSmirnovTest(left, right).2, 6),
roundBankers(kolmogorovSmirnovTest('two-sided')(left, right).2, 6),
roundBankers(kolmogorovSmirnovTest('less')(left, right).2, 6),
roundBankers(kolmogorovSmirnovTest('greater')(left, right).2, 6),
roundBankers(kolmogorovSmirnovTest('two-sided','auto')(left, right).2, 6),
roundBankers(kolmogorovSmirnovTest('less','auto')(left, right).2, 6),
roundBankers(kolmogorovSmirnovTest('greater','auto')(left, right).2, 6),
roundBankers(kolmogorovSmirnovTest('two-sided','exaãt')(left, right).2, 6),
roundBankers(kolmogorovSmirnovTest('less','exact')(left, right).2, 6),
roundBankers(kolmogorovSmirnovTest('greater','exact')(left, right).2, 6),
roundBankers(kolmogorovSmirnovTest('two-sided','asymp')(left, right).2, 6),
roundBankers(kolmogorovSmirnovTest('less','asymp')(left, right).2, 6),
roundBankers(kolmogorovSmirnovTest('greater','asymp')(left, right).2, 6) ,
roundBankers(kolmogorovSmirnovTest(left, right).1, 6),
roundBankers','asymp')(left, right).1, 6),
roundBankers(kolmogorovSmirnovTest('less','asymp')(left, right).1, 6),
roundBankers(kolmogorovSmirnovTest('greater','asymp')(left, right).1, 6) 
from kstest;

DROP TABLE IF EXISTS kstest;

CREATE TABLE kstest (left Float64, right Float64) ENGINE = Memory;

INSERT INTO kstest VALUES (14.72789, 0), (9.61661, 0), (13.57615, 0), (3.98392, 0), (11.98889, 0), (10.99422, 0), (5.44792, 0), (20.29346, 0), (7.05926, 0), (9.22732, 0), (12.06847, 0), (13.52612, 0), (8.24597, 0), (9.35245, 0), (10.12297, 0), (15.80624, 0), (13.68613, 0), (10.72729, 0), (5.62078, 0), (6.12229, 0), (6.03801, 0), (8.95585, 0), (24.04613, 0), (9.04757, 0), (2.68263, 0), (15.43935, 0), (2.89423, 0), (4.01423, 0), (4.30568, 0), (11.99948, 0), (8.40574, 0), (10.86642, 0), (9.4266, 0), (-8.12752, 0), (7.91634, 0), (7.3967, 0), (2.26431, 0), (14.20118, 0), (6.68233, 0), (15.46221, 0), (7.88467, 0), (11.20011, 0), (8.92027, 0), (10.27926, 0), (5.14395, 0), (5.62178, 0), (12.84383, 0), (9.98009, 0), (-0.69789, 0), (11.41386, 0), (7.76863, 0), (7.21743, 0), (1.81176, 0), (9.43762, 0), (19.22117, 0), (2.97128, 0), (14.32851, 0), (7.54959, 0), (3.81545, 0), (10.1281, 0), (2.48596, 0), (10.0461, 0), (3.59714, 0), (9.73522, 0), (18.8077, 0), (3.15148, 0), (12.26062, 0), (5.66707, 0), (6.58623, 0), (17.30902, 0), (9.91391, 0), (5.36946, 0), (15.73637, 0), (16.96281, 0), (11.54063, 0), (18.37358, 0), (11.38255, 0), (10.53256, 0), (8.08833, 0), (16.27556, 0), (2.42969, 0), (9.56127, 0), (7.32998, 0), (9.19511, 0), (9.66903, 0), (4.15029, 0), (8.83511, 0), (14.60617, 0), (14.06143, 0), (5.39556, 0), (10.11871, 0), (10.56619, 0), (14.4462, 0), (10.42106, 0), (7.75551, 0), (11.00418, 0), (4.47226, 0), (16.35461, 0), (18.55174, 0), (11.82044, 0), (7.39454, 0), (11.27767, 0), (6.83827, 0), (7.76858, 0), (15.97614, 0), (14.53781, 0), (12.99546, 0), (16.91151, 0), (9.65012, 0), (14.25487, 0), (14.03618, 0), (2.57382, 0), (2.50779, 0), (14.24787, 0), (13.34666, 0), (7.31102, 0), (10.22981, 0), (17.4435, 0), (21.2074, 0), (6.64191, 0), (18.7086, 0), (14.78686, 0), (9.85287, 0), (4.48263, 0), (14.17469, 0), (14.4342, 0), (19.2481, 0), (3.47165, 0), (8.28712, 0), (8.81657, 0), (0.92319, 0), (20.41106, 0), (6.76127, 0), (22.00242, 0), (8.66129, 0), (10.9929, 0), (17.95494, 0), (17.20996, 0), (12.18888, 0), (12.14257, 0, (9.52376, 0), (3.94552, 0), (9.37587, 0), (15.44954, 0), (15.90527, 0), (13.18927, 0), (7.01646, 0), (9.06005, 0), (9.06431, 0), (5.76006, 0), (9.18705, 0), (-3.48446, 0), (15.89817, 0), (12.94719, 0), (23.69426, 0), (17.47755, 0), (15.61528, 0), (0.54832, 0), (14.32916, 0), (9.55305, 0), (13.79891, 0), (0.82544, 0), (13.34875, 0), (9.07614, 0), (5.19621, 0), (2.1451, 0), (9.87726, 0), (8.45439, 0), (-1.41842, 0), (7.93598, 0), (11.23151, 0), (17.84458, 0), (7.02237, 0), (10.7842, 0), (4.42832, 0), (4.45044, 0), (1.50938, 0), (21.21651, 0), (6.2097, 0), (6.84354, 0), (18.53804, 0), (12.01072, 0), (4.8345, 0), (20.41587, 0), (14.48353, 0), (8.7/1116, 0), (12.42818, 0), (14.8924 0), (14.49261, 0), (2.59383, 0), (8.01022, 0), (4.05458, 0), (13.26384, 0), (14.62058, 0), (10.52489, 0), (8.46357, 0), (6.4147, 0), (9.70071, 0), (12.47581, 0), (4.38333, 0), (17.541572, 0), (10.12109, 0), (7.73186, 0), (14.0279, 0), (11.6621, 0), (17.47045, 0), (15.50223, 0), (15.46034, 0), (13.39964, 0), (14.9808.40171, 0), (16.95211, 0), (11.82194, 0), (19.87978, 0), (12.88455, 0), (-0.00947, 0), (12.28109, 0), (6.96462, 0), (13.75282, 0), (14.39141, 0), (11.07193, 0), (12.88039, 0), (11.38253, 0), (21.02707, 0), (7.51955, 0), (6.31984, 0), (15.6543, 0), (14.80315, 0), (8.38024, 0), (21.7516, 0), (14.31336, 0), (15.04703, 0), (5.73787, 0), (13.16911, 0), (12.40695, 0), (9.88968, 0), (8.46703, 0), (8.70637, 0), (8.03551, 0), (5.9757, 0), (12.22951, 0), (3.14736, 0), (10.51266, 0), (18.593, 0), (10.82213, 0), (7.14216, 0), (6.81154, 0), (-0.6486, 0), (20.56136, 0), (11.35367, 0), (11.38205, 0), (17.14, 0), (14.91215, 0), (15.50207, 0), (5.93162, 0), (3.74869, 0), (14.11532, 0), (7.38954, 0), (5.45764, 0), (18.33733, 0), (9.91923, 0), (2.38991, 0), (14.16756, 0), (2.39791, 0), (6.92586, 0), (5.32474, 0), (2.28812, 0), (5.71718, 0), (5.84197, 0), (2.76206, 0), (19.05928, 0), (11.51788, 0), (6.56648, 0), (3.35735, 0), (7.55948, 0), (19.99908, 0), (13.00634, 0), (18.36886, 0), (11.14675, 0), (16.72931, 0), (12.50106, 0), (6.00605, 0), (23.06653, 0), (5.39694, 0), (9.53167, 0), (12.76944, 0), (7.20604, 0), (13.25391, 0), (13.7341, 0), (10.85292, 0), (-7.75835, 0), (10.29728, 0), (13.70099, 0), (10.17959, 0), (9.98399, 0), (12.69389, 0), (-0.28848, 0), (-2.18319, 0), (13.36378, 0), (10.09232, 0), (5.49489, 0), (5.46156, 0), (0.94225, 0), (12.79205, 0), (10.09593, 0), (6.06218, 0), (0.89463, 0), (11.88986, 0), (10.79733, 0), (1.51371, 0), (2.20967, 0), (15.45732, 0), (16.5262, 0), (5.99724, 0), (8.3613, 0), (15.68183, 0), (15.32117, 0), (14.15674, 0), (6.64553, 0), (4.20777, 0), (-0.10521, 0), (-0.88169, 0), (1.85913, 0), (9.73673, 0), (0.30926, 0), (6.17559, 0), (11.76602, 0), (5.68385, 0), (14.57088, 0), (12.81509, 0), (9.85682, 0), (12.06376, 0), (6.08874, 0), (11.63921, 0), (14.86722, 0), (10.41035, 0), (2.93794, 0), (12.21841, 0), (0.23804, 0), (3.14845, 0), (7.29748, 0), (3.06134, 0), (13.77684, 0), (16.21992, 0), (5.33511, 0), (9.68959, 0), (9.44169, 0), (18.08012, 0), (4.04224, 0), (8.77918, 0), (10.18324, 0), (9.38914, 0), (11.76995, 0), (14.19963, 0), (6.88817, 0), (16.56123, 0), (15.39885, 0), (5.21241, 0), (4.44408, 0), (17.87587, 0), (12.53337, 0), (13.60916, 0), (6.60104, 0), (7.35453, 0), (18.61572, 0), (6.10437, 0), (13.08682, 0), (12.15404, 0), (4.90789, 0), (2.13353, 0), (12.49593, 0), (11.93056, 0), (13.29408, 0), (5.70038, 0), (8.40271, 0), (5.19456, 0), (-5.51028, 0), (14.0329, 0), (10.38365, 0), (6.56812, 0), (4.21129, 0), (9.7157, 0), (9.88553, 0), (13.453$6, 0), (4.97752, 0), (12.77595, 0), (8.56465, 0), (4.27703, 0), (18.12502, 0), (12.45735, 0), (12.42912, 0), (12.08125, 0), (10.85779, 0), (4.36013, 0), (11.85062, 0), (8.47776, 0), (9.60822, 0), (11.3069, 0), (14.25525, 0), (1.55168, 0), (14.57782, 0), (7.84786, 0), (9.87774, 0), (14.75575, 0), (3.68774, 0), (9.37667, 0), (20.28676, 0), (12.10027, 0), (8.01819, 0), (18.78158, 0), (20.85402, 0), (18.98069, 0), (16.1429, 0), (9.24047, 0), (14.12487, 0), (10.18841, 0), (-3.04478, 0), (5.7552, 0), (9.30376, 0), (11.42837, 0), (6.02364, 0), (8.86984, 0), (10.91177, 0), (10.044110.85635, 1), (-1.4376, 1), (-0.96308, 1), (2.84315, 1), (5.79467, 1), (-3.06091, 1), (-14.62902, 1), (22.08022, 1), (-2.11982, 1), (-4.84824, 1), (-10.50447, 1), (2.4891, 1), (9.90324, 1), (-22.66866, 1), (-0.97103, 1), (-16.57608, 1), (-3.78749, 1), (25.84511, 1), (5.30797, 1), (-18.19466, 1), (11.72708, 1), (0.2891, 1), (-9.83474, 1), (6.69942, 1), (18.09604, 1), (18.52651, 1), (1.38201, 1), (7.64615, 1), (17.66598, 1), (-2.44141, 1), (-9.01598, 1), (27.69142, 1), (4.06946, 1), (-15.0077, 1), (-10.49648, 1), (-4.88322, 1), (-25.09805, 1), (-4.64024, 1), (20.94434, 1), (24.12126, 1), (-14.10962, 1), (10.6512, 1), (14.50687, 1), (-19.88081, 1), (-11.55271, 1), (13.16921, 1), (16.63864, 1), (-24.08114, 1), (-9.09949, 1), (-10.54702, 1), (0.20813, 1), (8.19066, 1), (-2.70523, 1), (-0.23954, 1), (7.19398, 1), (-74695, 1), (31.13794, 1), (-0.85067, 1), (19.02787, 1), (-3.09594, 1), (13.45584, 1), (-5.48104, 1), (-22.74928, 1), (-8.03697, 1), (17.31143, 1), (-16.65231, 1), (-18.58713, 1), (-16.52641, 1), (14.95261, 1), (12.56762, 1), (15.00188, 1), (1.85858, 1), (2.1926, 1), (-2.4095, 1), (21.56873, 1), (3.35509, 1), (-4.98672, 1), (35.08603, 1), (-10.01602, 1), (-3.85153, 1), (-6.81974, 1), (19.56525, 1), (-9.35488, 1), (0.24268, 1), (-3.51488, 1), (-0.37066, 1), (24.20888, 1), (-11.73537, 1), (0.01282, 1), (0.03963, 1), (-9.65589, 1), (-0.37429, 1), (5.61255, 1), (0.49984, 1), (-10.15066, 1), (-14.54314, 1), (16.56889, 1), (-7.73873, 1), (-3.76422, 1), (1.40722, 1), (2.28818, 1), (-13.12643, 1), (5.17082, 1), (4.79089, 1), (-17.42643, 1), (8.72548, 1), (-3.70285, 1), (16.77893, 1), (13.382, 1), (19.98418, 1), (0.00483, 1), (-4.75951, 1), (2.35391, 1), (21.65809, 1), (-9.2714, 1), (-18.38253, 1), (7.23097, 1), (14.97927, 1), (-4.02197, 1), (-29.8189, 1), (-12.8554, 1), (-7.60124, 1), (-14.90158, 1), (-3.31486, 1), (31.38144, 1), (-8.61288, 1), (15.31895, 1), (-10.19488, 1), (13.796, 1), (-0.32912, 1), (-0.0684, 1), (-30.06834, 1), (24.93912, 1), (-3.26506, 1), (-8.29751, 1), (-5.39189, 1), (-25.08603, 1), (-1.45318, 1), (16.72724, 1), (-3.38467, 1), (-26.00478, 1), (7.28369, 1), (16.96226, 1), (16.5858, 1), (10.46583, 1), (3.84345, 1), (-2.99382, 1), (1.42078, 1), (-11.0123, 1), (2.09909, 1), (1.21064, 1), (15.36079, 1), (-21.61349, 1), (10.77448, 1), (0.8463, 1), (13.0482, 1), (-4.36264, 1), (3.22647, 1), (2.38828, 1), (6.7946, 1), (-0.25254, 1), (1.2497, 1), (1.6544, 1), (4.1019, 1), (11.27839, 1), (-5.04127, 1), (18.11674, 1), (0.51231, 1), (-0.51029, 1), (13.52556, 1), (16.10171, 1), (5.68197, 1), (-2.85904, 1), (-8.89167, 1), (6.24489, 1), (10.85319, 1), (-0.39816, 1), (3.87079, 1), (-3.1867, 1), (1.55322, 1), (16.86779, 1), (-14.60321, 1), (-1.81952, 1), (-3.11624, 1), (1.24193, 1), (10.18179, 1), (4.69796, 1), (0.69032, 1), (11.7723, 1), (7.62896, 1), (9.89741, 1), (9.11484, 1), (-3.84676, 1), (-0.4777, 1), (0.95958, 1), (-7.95056, 1), (-10.97474, 1), (-6.54861, 1), (34.74933, 1), (27.39463, 1), (4.18299, 1), (6.02476, 1), (-1.99397, 1), (1.26478, 1), (23.37106, 1), (10.49682, (0.37031, 1), (7.1418, 1), (3.24897, 1), (-1.60918, 1), (3.1675, 1), (-17.97072, 1), (-5.61743, 1), (14.1422, 1), (14.87695, 1), (-4.65961, 1), (-0.99174, 1), (-2.96623, 1), (-9.02263, 1), (-17.2088, 1), (2.78608, 1), (6.74239, 1), (4.8524, 1), (7.46731, 1), (1.04894, 1), (-12.8023, 1), (-17.18188, 1), (-5.08801, 1), (22.13942, 1), (-0.36384, 1), (17.80564, 1), (7.67504, 1), (1.59779, 1), (4.10942, 1), (0.61074, 1), (-14.40767, 1), (10.59906, 1), (16.57017, 1), (-15.17526, 1), (-6.98549, 1), (-0.64548, 1), (3.23756, 1), (14.65504, 1), (4.583, 1), (12.72378, 1), (5.26547, 1), (0.81781, 1), (9.38273, 1), 8, 1), (3.23756, 1), (14.65504, 1), (4.583, 1), (12.72378, 1), (5.26547, 1), (0.81781, 1), (9.38273, 1), (10.37636, 1), (10.70325, 1), (-0.83043, 1), (-7.53149, 1), (-9.09147, 1), (-19.51381, 1), (-28.44508, 1), (6.44392, 1), (11.10201, 1), (-2.86184, 1), (8.30673, 1), (8.8797, 1), (10.68053, 1),-0.29536, 1), (15.50109, 1), (8.79187, 1), (5.11533, 1), (-20.44436, 1), (-3.00909, 1), (-4.48291, 1), (21.84462, 1), (1.94225, 1), (-2.81908, 1), (17.19418, 1), (-9.33528, 1), (-0.17346, 1), (0.03958, 1), (-35.17786, 1), (8.36887, 1), (-9.02292, 1), (-10.98804, 1), (0.29335, 1), (4.29634, 1), (3.87718, 1), (-9.08532, 1), (7.13922, 1), (-7.62463, 1), (-10.5666, 1), (4.68165, 1), (-3.30172, 1), (13ess','exact')(left, right).1, 6),
roundBankers(kolmogorovSmirnovTest('greater','exact')(left, right).1, 6),
roundBankers(kolmogorovSmirnovTest('two-sided','asymp')(left, right).1, 6),
roundBankers(kolmogorovSmirnovTest('less','asymp')(left, right).1, 6),
roundBankers(kolmogorovSmirnovTest('greater','asymp')(left, right).1, 6) 
from kstest;

DROP TABLE IF EXISTS kstest;
