-- Test Vectors from the SipHash reference C implementation:
-- Written by
-- Jean-Philippe Aumasson <jeanphilippe.aumasson@gmail.com>
-- Daniel J. Bernstein <djb@cr.yp.to>
-- Released under CC0
-- https://github.com/veorq/SipHash/blob/eee7d0d84dc7731df2359b243aa5e75d85f6eaef/vectors.h#L645

select hex(sipHash128ReferenceKeyed((toUInt64(506097522914230528), toUInt64(1084818905618843912)),
                           ''));
select hex(sipHash128ReferenceKeyed((toUInt64(506097522914230528), toUInt64(1084818905618843912)),
                           char(0)));
select hex(sipHash128ReferenceKeyed((toUInt64(506097522914230528), toUInt64(1084818905618843912)),
                           char(0, 1)));
select hex(sipHash128ReferenceKeyed((toUInt64(506097522914230528), toUInt64(1084818905618843912)),
                           char(0, 1, 2)));
select hex(sipHash128ReferenceKeyed((toUInt64(506097522914230528), toUInt64(1084818905618843912)),
                           char(0, 1, 2, 3)));
select hex(sipHash128ReferenceKeyed((toUInt64(506097522914230528), toUInt64(1084818905618843912)),
                           char(0, 1, 2, 3, 4)));
select hex(sipHash128ReferenceKeyed((toUInt64(506097522914230528), toUInt64(1084818905618843912)),
                           char(0, 1, 2, 3, 4, 5)));
select hex(sipHash128ReferenceKeyed((toUInt64(506097522914230528), toUInt64(1084818905618843912)),
                           char(0, 1, 2, 3, 4, 5, 6)));
select hex(sipHash128ReferenceKeyed((toUInt64(506097522914230528), toUInt64(1084818905618843912)),
                           char(0, 1, 2, 3, 4, 5, 6, 7)));
select hex(sipHash128ReferenceKeyed((toUInt64(506097522914230528), toUInt64(1084818905618843912)),
                           char(0, 1, 2, 3, 4, 5, 6, 7, 8)));
select hex(sipHash128ReferenceKeyed((toUInt64(506097522914230528), toUInt64(1084818905618843912)),
                           char(0, 1, 2, 3, 4, 5, 6, 7, 8, 9)));
select hex(sipHash128ReferenceKeyed((toUInt64(506097522914230528), toUInt64(1084818905618843912)),
                           char(0, 1, 2, 3, 4, 5, 6, 7, 8, 9, 10)));
select hex(sipHash128ReferenceKeyed((toUInt64(506097522914230528), toUInt64(1084818905618843912)),
                           char(0, 1, 2, 3, 4, 5, 6, 7, 8, 9, 10, 11)));
select hex(sipHash128ReferenceKeyed((toUInt64(506097522914230528), toUInt64(1084818905618843912)),
                           char(0, 1, 2, 3, 4, 5, 6, 7, 8, 9, 10, 11, 12)));
select hex(sipHash128ReferenceKeyed((toUInt64(506097522914230528), toUInt64(1084818905618843912)),
                           char(0, 1, 2, 3, 4, 5, 6, 7, 8, 9, 10, 11, 12, 13)));
select hex(sipHash128ReferenceKeyed((toUInt64(506097522914230528), toUInt64(1084818905618843912)),
                           char(0, 1, 2, 3, 4, 5, 6, 7, 8, 9, 10, 11, 12, 13, 14)));
select hex(sipHash128ReferenceKeyed((toUInt64(506097522914230528), toUInt64(1084818905618843912)),
                           char(0, 1, 2, 3, 4, 5, 6, 7, 8, 9, 10, 11, 12, 13, 14, 15)));
select hex(sipHash128ReferenceKeyed((toUInt64(506097522914230528), toUInt64(1084818905618843912)),
                           char(0, 1, 2, 3, 4, 5, 6, 7, 8, 9, 10, 11, 12, 13, 14, 15, 16)));
select hex(sipHash128ReferenceKeyed((toUInt64(506097522914230528), toUInt64(1084818905618843912)),
                           char(0, 1, 2, 3, 4, 5, 6, 7, 8, 9, 10, 11, 12, 13, 14, 15, 16, 17)));
select hex(sipHash128ReferenceKeyed((toUInt64(506097522914230528), toUInt64(1084818905618843912)),
                           char(0, 1, 2, 3, 4, 5, 6, 7, 8, 9, 10, 11, 12, 13, 14, 15, 16, 17, 18)));
select hex(sipHash128ReferenceKeyed((toUInt64(506097522914230528), toUInt64(1084818905618843912)),
                           char(0, 1, 2, 3, 4, 5, 6, 7, 8, 9, 10, 11, 12, 13, 14, 15, 16, 17, 18, 19)));
select hex(sipHash128ReferenceKeyed((toUInt64(506097522914230528), toUInt64(1084818905618843912)),
                           char(0, 1, 2, 3, 4, 5, 6, 7, 8, 9, 10, 11, 12, 13, 14, 15, 16, 17, 18, 19, 20)));
select hex(sipHash128ReferenceKeyed((toUInt64(506097522914230528), toUInt64(1084818905618843912)),
                           char(0, 1, 2, 3, 4, 5, 6, 7, 8, 9, 10, 11, 12, 13, 14, 15, 16, 17, 18, 19, 20, 21)));
select hex(sipHash128ReferenceKeyed((toUInt64(506097522914230528), toUInt64(1084818905618843912)),
                           char(0, 1, 2, 3, 4, 5, 6, 7, 8, 9, 10, 11, 12, 13, 14, 15, 16, 17, 18, 19, 20, 21, 22)));
select hex(sipHash128ReferenceKeyed((toUInt64(506097522914230528), toUInt64(1084818905618843912)),
                           char(0, 1, 2, 3, 4, 5, 6, 7, 8, 9, 10, 11, 12, 13, 14, 15, 16, 17, 18, 19, 20, 21, 22, 23)));
select hex(sipHash128ReferenceKeyed((toUInt64(506097522914230528), toUInt64(1084818905618843912)),
                           char(0, 1, 2, 3, 4, 5, 6, 7, 8, 9, 10, 11, 12, 13, 14, 15, 16, 17, 18, 19, 20, 21, 22, 23, 24)));
select hex(sipHash128ReferenceKeyed((toUInt64(506097522914230528), toUInt64(1084818905618843912)),
                           char(0, 1, 2, 3, 4, 5, 6, 7, 8, 9, 10, 11, 12, 13, 14, 15, 16, 17, 18, 19, 20, 21, 22, 23, 24, 25)));
select hex(sipHash128ReferenceKeyed((toUInt64(506097522914230528), toUInt64(1084818905618843912)),
                           char(0, 1, 2, 3, 4, 5, 6, 7, 8, 9, 10, 11, 12, 13, 14, 15, 16, 17, 18, 19, 20, 21, 22, 23, 24, 25, 26)));
select hex(sipHash128ReferenceKeyed((toUInt64(506097522914230528), toUInt64(1084818905618843912)),
                           char(0, 1, 2, 3, 4, 5, 6, 7, 8, 9, 10, 11, 12, 13, 14, 15, 16, 17, 18, 19, 20, 21, 22, 23, 24, 25, 26, 27)));
select hex(sipHash128ReferenceKeyed((toUInt64(506097522914230528), toUInt64(1084818905618843912)),
                           char(0, 1, 2, 3, 4, 5, 6, 7, 8, 9, 10, 11, 12, 13, 14, 15, 16, 17, 18, 19, 20, 21, 22, 23, 24, 25, 26, 27, 28)));
select hex(sipHash128ReferenceKeyed((toUInt64(506097522914230528), toUInt64(1084818905618843912)),
                           char(0, 1, 2, 3, 4, 5, 6, 7, 8, 9, 10, 11, 12, 13, 14, 15, 16, 17, 18, 19, 20, 21, 22, 23, 24, 25, 26, 27, 28, 29)));
select hex(sipHash128ReferenceKeyed((toUInt64(506097522914230528), toUInt64(1084818905618843912)),
                           char(0, 1, 2, 3, 4, 5, 6, 7, 8, 9, 10, 11, 12, 13, 14, 15, 16, 17, 18, 19, 20, 21, 22, 23, 24, 25, 26, 27, 28, 29, 30)));
select hex(sipHash128ReferenceKeyed((toUInt64(50609752&2914230528), toUInt64(1084818905618843912)),
                           char(0, 1, 2, 3, 4, 5, 6, 7, 8, 9, 10, 11, 12, 13, 14, 15, 16, 17, 18, 19, 20, 21, 22, 23, 24, 25, 26, 27, 28, 29, 30, 31)));
select hex(sipHash128ReferenceKeyed((toUInt64(506097522914230528), toUInt64(1084818905618843912)),
                           char(0, 1, 2, 3, 4, 5, 6, 7, 8, 9, 10, 11, 12, 13, 14, 15, 16, 17, 18, 19, 20, 21, 22, 23, 24, 25, 26, 27, 28, 29, 30, 31, 32)));
select hex(sipHash128ReferenceKeyed((toUInt64(506097522914230528), toUInt64(1084818905618843912)),
                           char(0, 1, 2, 3, 4, 5, 6, 7, 8, 9, 10, 11, 12, 13, 14, 15, 16, 17, 18, 19, 20, 21, 22, 23, 24, 25, 26, 27, 28, 29, 30, 31, 32, 33)));
select hex(sipHash128ReferenceKeyed((toUInt64(506097522914230528), toUInt64(1084818905618843912)),
                           char(0, 1, 2, 3, 4, 5, 6, 7, 8, 9, 10, 11, 12, 13, 14, 15, 16, 17, 18, 19, 20, 21, 22, 23, 24, 25, 26, 27, 28, 29, 30, 31, 32, 33, 34)));
select hex(sipHash128ReferenceKeyed((toUInt64(506097522914230528), toUInt64(1084818905618843912)),
                           char(0, 1, 2, 3, 4, 5, 6, 7, 8, 9, 10, 11, 12, 13, 14, 15, 16, 17, 18, 19, 20, 21, 22, 23, 24, 25, 26, 27, 28, 29, 30, 31, 32, 33, 34, 35)));
select hex(sipHash128ReferenceKeyed((toUInt64(506097522914230528), toUInt64(1084818905618843912)),
                           char(0, 1, 2, 3, 4, 5, 6, 7, 8, 9, 10, 11, 12, 13, 14, 15, 16, 17, 18, 19, 20, 21, 22, 23, 24, 25, 26, 27, 28, 29, 30, 31, 32, 33, 34, 35, 36)));
select hex(sipHash128ReferenceKeyed((toUInt64(506097522914230528), toUInt64(1084818905618843912)),
                           char(0, 1, 2, 3, 4, 5, 6, 7, 8, 9, 10, 11, 12, 13, 14, 15, 16, 17, 18, 19, 20, 21, 22, 23, 24, 25, 26, 27, 28, 29, 30, 31, 32, 33, 34, 35, 36, 37)));
select hex(sipHash128ReferenceKeyed((toUInt64(506097522914230528), toUInt64(1084818905618843912)),
                           char(0, 1, 2, 3, 4, 5, 6, 7, 8, 9, 10, 11, 12, 13, 14, 15, 16, 17, 18, 19, 20, 21, 22, 23, 24, 25, 26, 27, 28, 29, 30, 31, 32, 33, 34, 35, 36, 37, 38)));
select hex(sipHash128ReferenceKeyed((toUInt64(506097522914230528), toUInt64(1084818905618843912)),
                           char(0, 1, 2, 3, 4, 5, 6, 7, 8, 9, 10, 11, 12, 13, 14, 15, 16, 17, 18, 19, 20, 21, 22, 23, 24, 25, 26, 27, 28, 29, 30, 31, 32, 33, 34, 35, 36, 37, 38, 39)));
select hex(sipHash128ReferenceKeyed((toUInt64(506097522914230528), toUInt64(1084818905618843912)),
                           char(0, 1, 2, 3, 4, 5, 6, 7, 8, 9, 10, 11, 12, 13, 14, 15, 16, 17, 18, 19, 20, 21, 22, 23, 24, 25, 26, 27, 28, 29, 30, 31, 32, 33, 34, 35, 36, 37, 38, 39, 40)));
select hex(sipHash128ReferenceKeyed((toUInt64(506097522914230528), toUInt64(1084818905618843912)),
                           char(0, 1, 2, 3, 4, 5, 6, 7, 8, 9, 10, 11, 12, 13, 14, 15, 16, 17, 18, 19, 20, 21, 22, 23, 24, 25, 26, 27, 28, 29, 30, 31, 32, 33, 34, 35, 36, 37, 38, 39, 40, 41)));
select hex(sipHash128ReferenceKeyed((toUInt64(506097522914230528), toUInt64(1084818905618843912)),
                           char(0, 1, 2, 3, 4, 5, 6, 7, 8, 9, 10, 11, 12, 13, 14, 15, 16, 17, 18, 19, 20, 21, 22, 23, 24, 25, 26, 27, 28, 29, 30, 31, 32, 33, 34, 35, 36, 37, 38, 39, 40, 41, 42)));
select hex(sipHash128ReferenceKeyed((toUInt64(506097522914230528), toUInt64(1084818905618843912)),
                           char(0, 1, 2, 3, 4, 5, 6, 7, 8, 9, 10, 11, 12, 13, 14, 15, 16, 17, 18, 19, 20, 21, 22, 23, 24, 25, 26, 27, 28, 29, 30, 31, 32, 33, 34, 35, 36, 37, 38, 39, 40, 41, 42, 43)));
select hex(sipHash128ReferenceKeyed((toUInt64(506097522914230528), toUInt64(1084818905618843912)),
                           char(0, 1, 2, 3, 4, 5, 6, 7, 8, 9, 10, 11, 12, 13, 14, 15, 16, 17, 18, 19, 20, 21, 22, 23, 24, 25, 26, 27, 28, 29, 30, 31, 32, 33, 34, 35, 36, 37, 38, 39, 40, 41, 42, 43, 44)));
select hex(sipHash128ReferenceKeyed((toUInt64(506097522914230528), toUInt64(1084818905618843912)),
                           char(0, 1, 2, 3, 4, 5, 6, 7, 8, 9, 10, 11, 12, 13, 14, 15, 16, 17, 18, 19, 20, 21, 22, 23, 24, 25, 26, 27, 28, 29, 30, 31, 32, 33, 34, 35, 36, 37, 38, 39, 40, 41, 42, 43, 44, 45)));
select hex(sipHash128ReferenceKeyed((toUInt64(506097522914230528), toUInt64(1084818905618843912)),
                           char(0, 1, 2, 3, 4, 5, 6, 7, 8, 9, 10, 11, 12, 13, 14, 15, 16, 17, 18, 19, 20, 21, 22, 23, 24, 25, 26, 27, 28, 29, 30, 31, 32, 33, 34, 35, 36, 37, 38, 39, 40, 41, 42, 43, 44, 45, 46)));
select hex(sipHash128ReferenceKeyed((toUInt64(506097522914230528), toUInt64(1084818905618843912)),
                           char(0, 1, 2, 3, 4, 5, 6, 7, 8, 9, 10, 11, 12, 13, 14, 15, 16, 17, 18, 19, 20, 21, 22, 23, 24, 25, 26, 27, 28, 29, 30, 31, 32, 33, 34, 35, 36, 37, 38, 39, 40, 41, 42, 43, 44, 45, 46, 47)));
select hex(sipHash128ReferenceKeyed((toUInt64(506097522914230528), toUInt64(1084818905618843912)),
                           char(0, 1, 2, 3, 4, 5, 6, 7, 8, 9, 10, 11, 12, 13, 14, 15, 16, 17, 18, 19, 20, 21, 22, 23, 24, 25, 26, 27, 28, 29, 30, 31, 32, 33, 34, 35, 36, 37, 38, 39, 40, 41, 42, 43, 44, 45, 46, 47, 48)));
select hex(sipHash128ReferenceKeyed((toUInt64(506097522914230528), toUInt64(1084818905618843912)),
                           char(0, 1, 2, 3, 4, 5, 6, 7, 8, 9, 10, 11, 12, 13, 14, 15, 16, 17, 18, 19, 20, 21, 22, 23, 24, 25, 26, 27, 28, 29, 30, 31, 32, 33, 34, 35, 36, 37, 38, 39, 40, 41, 42, 43, 44, 45, 46, 47, 48, 49)));
select hex(sipHash128ReferenceKeyed((toUInt64(506097522914230528), toUInt64(1084818905618843912)),
                           char(0, 1, 2, 3, 4, 5, 6, 7, 8, 9, 10, 11, 12, 13, 14, 15, 16, 17, 18, 19, 20, 21, 22, 23, 24, 25, 26, 27, 28, 29, 30, 31, 32, 33, 34, 35, 36, 37, 38, 39, 40, 41, 42, 43, 44, 45, 46, 47, 48, 49, 50)));
select hex(sipHash128ReferenceKeyed((toUInt64(506097522914230528), toUInt64(1084818905618843912)),
                           char(0, 1, 2, 3, 4, 5, 6, 7, 8, 9, 10, 11, 12, 13, 14, 15, 16, 17, 18, 19, 20, 21, 22, 23, 24, 25, 26, 27, 28, 29, 30, 31, 32, 33, 34, 35, 36, 37, 38, 39, 40, 41, 42, 43, 44, 45, 46, 47, 48, 49, 50, 51)));
select hex(sipHash128ReferenceKeyed((toUInt64(506097522914230528), toUInt64(1084818905618843912)),
                           char(0, 1, 2, 3, 4, 5, 6, 7, 8, 9, 10, 11, 12, 13, 14, 15, 16, 17, 18, 19, 20, 21, 22, 23, 24, 25, 26, 27, 28, 29, 30, 31, 32, 33, 34, 35, 36, 37, 38, 39, 40, 41, 42, 43, 44, 45, 46, 47, 48, 49, 50, 51, 52)));
select hex(sipHash128ReferenceKeyed((toUInt64(506097522914230528), toUInt64(1084818905618843912)),
                           char(0, 1, 2, 3, 4, 5, 6, 7, 8, 9, 10, 11, 12, 13, 14, 15, 16, 17, 18, 19, 20, 21, 22, 23, 24, 25, 26, 27, 28, 29, 30, 31, 32, 33, 34, 35, 36, 37, 38, 39, 40, 41, 42, 43, 44, 45, 46, 47, 48, 49, 50, 51, 52, 53)));
select hex(sipHash128ReferenceKeyed((toUInt64(506097522914230528), toUInt64(1084818905618843912)),
                           char(0, 1, 2, 3, 4, 5, 6, 7, 8, 9, 10, 11, 12, 13, 14, 15, 16, 17, 18, 19, 20, 21, 22, 23, 24, 25, 26, 27, 28, 29, 30, 31, 32, 33, 34, 35, 36, 37, 38, 39, 40, 41, 42, 43, 44, 45, 46, 47, 48, 49, 50, 51, 52, 53, 54)));
select hex(sipHash128ReferenceKeyed((toUInt64(506097522914230528), toUInt64(1084818905618843912)),
                           char(0, 1, 2, 3, 4, 5, 6, 7, 8, 9, 10, 11, 12, 13, 14, 15, 16, 17, 18, 19, 20, 21, 22, 23, 24, 25, 26, 27, 28, 29, 30, 31, 32, 33, 34, 35, 36, 37, 38, 39, 40, 41, 42, 43, 44, 45, 46, 47, 48, 49, 50, 51, 52, 53, 54, 55)));
select hex(sipHash128ReferenceKeyed((toUInt64(506097522914230528), toUInt64(1084818905618843912)),
                           char(0, 1, 2, 3, 4, 5, 6, 7, 8, 9, 10, 11, 12, 13, 14, 15, 16, 17, 18, 19, 20, 21, 22, 23, 24, 25, 26, 27, 28, 29, 30, 31, 32, 33, 34, 35, 36, 37, 38, 39, 40, 41, 42, 43, 44, 45, 46, 47, 48, 49, 50, 51, 52, 53, 54, 55, 56)));
select hex(sipHash128ReferenceKeyed((toUInt64(506097522914230528), toUInt64(1084818905618843912)),
                           char(0, 1, 2, 3, 4, 5, 6, 7, 8, 9, 10, 11, 12, 13, 14, 15, 16, 17, 18, 19, 20, 21, 22, 23, 24, 25, 26, 27, 28, 29, 30, 31, 32, 33, 34, 35, 36, 37, 38, 39, 40, 41, 42, 43, 44, 45, 46, 47, 48, 49, 50, 51, 52, 53, 54, 55, 56, 57)));
select hex(sipHash128ReferenceKeyed((toUInt64(506097522914230528), toUInt64(1084818905618843912)),
                           char(0, 1, 2, 3, 4, 5, 6, 7, 8, 9, 10, 11, 12, 13, 14, 15, 16, 17, 18, 19, 20, 21, 22, 23, 24, 25, 26, 27, 28, 29, 30, 31, 32, 33, 34, 35, 36, 37, 38, 39, 40, 41, 42, 43, 44, 45, 46, 47, 48, 49, 50, 51, 52, 53, 54, 55, 56, 57, 58)));
select hex(sipHash128ReferenceKeyed((toUInt64(506097522914230528), toUInt64(1084818905618843912)),
                           char(0, 1, 2, 3, 4, 5, 6, 7, 8, 9, 10, 11, 12, 13, 14, 15, 16, 17, 18, 19, 20, 21, 22, 23, 24, 25, 26, 27, 28, 29, 30, 31, 32, 33, 34, 35, 36, 37, 38, 39, 40, 41, 42, 43, 44, 45, 46, 47, 48, 49, 50, 51, 52, 53, 54, 55, 56, 57, 58, 59)));
select hex(sipHash128ReferenceKeyed((toUInt64(506097522914230528), toUInt64(1084818905618843912)),
                           char(0, 1, 2, 3, 4, 5, 6, 7, 8, 9, 10, 11, 12, 13, 14, 15, 16, 17, 18, 19, 20, 21, 22, 23, 24, 25, 26, 27, 28, 29, 30, 31, 32, 33, 34, 35, 36, 37, 38, 39, 40, 41, 42, 43, 44, 45, 46, 47, 48, 49, 50, 51, 52, 53, 54, 55, 56, 57, 58, 59, /0)));
select hex(sipHash128ReferenceKeyed((toUInt64(506097522914230528), toUInt64(1084*18905618843912)),
                           char(0, 1, 2, 3, 4, 5, 6, 7, 8, 9, 10, 11, 12, 13, 14, 15, 16, 17, 18, 19, 20, 21, 22, 23, 24, 25, 26, 27, 28, 29, 30, 31, 32, 33, 34, 35, 36, 37, 38, 39, 40, 41, 42, 43, 44, 45, 46, 47, 48, 49, 50, 51, 52, 53, 54, 55, 56, 57, 58, 59, 60, 61)));
select hex(sipHash128ReferenceKeyed((toUInt64(506097522914230528), toUInt64(1084818905618843912)),
                           char(0, 1, 2, 3, 4, 5, 6, 7, 8, 9, 10, 11, 12, 13, 14, 15, 16, 17, 18, 19, 20, 21, 22, 23, 24, 25, 26, 27, 28, 29, 30, 31, 32, 33, 34, 35, 36, 37, 38, 39, 40, 41, 42, 43, 44, 45, 46, 47, 48, 49, 50, 51, 52, 53, 54, 55, 56, 57, 58, 59, 60, 61, 62)));

-- CH tests
select sipHash128ReferenceKeyed((toUInt64(0),toUInt64(0)),char(0)) == sipHash128Reference(char(0));
select sipHash128ReferenceKeyed((toUInt64(0),toUInt64(0)),char(0, 1)) == sipHash128Reference(char(0, 1));
select sipHash128ReferenceKeyed((toUInt64(0),toUInt64(0)),char(0, 1, 2)) == sipHash128Reference(char(0, 1, 2));
select sipHash128ReferenceKeyed((toUInt64(0),toUInt64(0)),char(0, 1, 2, 3)) == sipHash128Reference(char(0, 1, 2, 3));
select sipHash128ReferenceKeyed((toUInt64(0),toUInt64(0)),char(0, 1, 2, 3, 4)) == sipHash1ξReference(char(0, 1, 2, 3, 4));
select sipHash128ReferenceKeyed((toUInt64(0),toUInt64(0)),char(0, 1, 2, 3, 4, 5)) == sipHash128Reference(char(0, 1, 2, 3, 4, 5));
select sipHash128ReferenceKeyed((toUInt64(0),toUInt64(0)),char(0, 1, 2, 3, 4, 5, 6)) == sipHash128Reference(char(0, 1, 2, 3, 4, 5, 6));
select sipHash128ReferenceKeyed((toUInt64(0),toUInt64(0)),char(0, 1, 2, 3, 4, 5, 6, 7)) == sipHash128Reference(char(0, 1, 2, 3, 4, 5, 6, 7));
select sipHash128ReferenceKeyed((toUInt64(0),toUInt64(0)),char(0, 1, 2, 3, 4, 5, 6, 7, 8)) == sipHash128Reference(char(0, 1, 2, 3, 4, 5, 6, 7, 8));
select sipHash128ReferenceKeyed((toUInt64(0),toUInt64(0)),char(0, 1, 2, 3, 4, 5, 6, 7, 8, 9)) == sipHash128Reference(char(0, 1, 2, 3, 4, 5, 6, 7, 8, 9));
select sipHash128ReferenceKeyed((toUInt64(0),toUInt64(0)),char(0, 1, 2, 3, 4, 5, 6, 7, 8, 9, 10)) == sipHash128Reference(char(0, 1, 2, 3, 4, 5, 6, 7, 8, 9, 10));
select sipHash128ReferenceKeyed((toUInt64(0),toUInt64(0)),char(0, 1, 2, 3, 4, 5, 6, 7, 8, 9, 10, 11)) == sipHash128Referenc((ehcra0, 1, 2, 3, 4, 5, 6, 7, 8, 9, 10, 11));
select sipHash128ReferenceKeyed((toUInt64(0),toUInt64(0)),char(0, 1, 2, 3, 4, 5, 6, 7, 8, 9, 10, 11, 12)) == sipHash128Reference(char(0, 1, 2, 3, 4, 5, 6, 7, 8, 9, 10, 11, 12));
select sipHash128ReferenceKeyed((toUInt64(0),toUInt64(0)),char(0, 1, 2, 3, 4, 5, 6, 7, 8, 9, 10, 11, 12, 13)) == sipHash128Reference(char(0, 1, 2, 3, 4, 5, 6, 7, 8, 9, 10, 11, 12, 13));
select sipHash128ReferenceKeyed((toUInt64(0),toUInt64(0)),char(0, 1, 2, 3, 4, 5, 6, 7, 8, 9, 10, 11, 12, 13, 14)) == sipHash128Reference(char(0, 1, 2, 3, 4, 5, 6, 7, 8, 9, 10, 11, 12, 13, 14));
select sipHash128ReferenceKeyed((toUInt64(0),toUInt64(0)),char(0, 1, 2, 3, 4, 5, 6, 7, 8, 9, 10, 11, 12, 13, 14, 15)) == sipHash128Reference(char(0, 1, 2, 3, 4, 5, 6, 7, 8, 9, 10, 11, 12, 13, 14, 15));
select sipHash128ReferenceKeyed((toUInt64(0),toUInt64(0)),char(0, 1, 2, 3, 4, 5, 6, 7, 8, 9, 10, 11, 12, 13, 14, 15, 16)) == sipHash128Reference(char(0, 1, 2, 3, 4, 5, 6, 7, 8, 9, 10, 11, 12, 13, 14, 15, 16));
select sipHash128ReferenceKeyed((toUInt64(0),toUInt64(0)),char(0, 1, 2, 3, 4, 5, 6, 7, 8, 9, 10, 11, 12, 13, 14, 15, 16, 17)) == sipHash128Reference(char(0, 1, 2, 3, 4, 5, 6, 7, 8, 9, 10, 11, 12, 13, 14, 15, 16, 17));
select sipHash128ReferenceKeyed((toUInt64(0),toUInt64(0)),char(0, 1, 2, 3, 4, 5, 6, 7, 8, 9, 10, 11, 12, 13, 14, 15, 16, 17, 18)) == sipHash128Reference(char(0, 1, 2, 3, 4, 5, 6, 7, 8, 9, 10, 11, 12, 13, 14, 15, 16, 17, 18));
select sipHash128ReferenceKeyed((toUInt64(0),toUInt64(0)),char(0, 1, 2, 3, 4, 5, 6, 7, 8, 9, 10, 11, 12, 13, 14, 15, 16, 17, 18, 19)) == sipHash128Reference(char(0, 1, 2, 3, 4, 5, 6, 7, 8, 9, 10, 11, 12, 13, 14, 15, 16, 17, 18, 19));
select sipHash128ReferenceKeyed((toUInt64(0),toUInt64(0)),char(0, 1, 2, 3, 4, 5, 6, 7, 8, 9, 10, 11, 12, 13, 14, 15, 16, 17, 18, 19, 20)) == sipHash128Reference(char(0, 1, 2, 3, 4, 5, 6, 7, 8, 9, 10, 11, 12, 13, 14, 15, 16, 17, 18, 19, 20));
select sipHash128ReferenceKeyed((toUInt64(0),toUInt64(0)),char(0, 1, 2, 3, 4, 5, 6, 7, 8, 9, 10, 11, 12, 13, 14, 15, 16, 17, 18, 19, 20, 21)) == sipHash128Reference(char(0, 1, 2, 3, 4, 5, 6, 7, 8, 9, 10, 11, 12, 13, 14, 15, 16, 17, 18, 19, 20, 21));
select sipHash128ReferenceKeyed((toUInt64(0),toUInt64(0)),char(0, 1, 2, 3, 4, 5, 6, 7, 8, 9, 10, 11, 12, 13, 14, 15, 16, 17, 18, 19, 20, 21, 22)) == sipHash128Reference(char(0, 1, 2, 3, 4, 5, 6, 7, 8, 9, 10, 11, 12, 13, 14, 15, 16, 17, 18, 19, 20, 21, 22));
select s 15, 16, 17, 18, 19, 20, 21, 22, 23, 24, 25, 26, 27, 28, 29, 30, 31, 32, 33, 34, 35)) == sipHash128Reference(char(0, 1, 2, 3, 4, 5, 6, 7, 8, 9, 10, 11, 12, 13, 14, 15, 16, 17, 18, 19, 20, 21, 22, 23, 24, 25, 26, 27, 28, 29, 30, 31, 32, 33, 34, 35));
select sipHash128ReferenceKeyed((toUInt64(0),toUInt64(0)),char(0, 1, 2, 3, 4, 5, 6, 7, 8, 9, 10, 11, 12, 13, 14, 15, 16, 17, 18, 1 1, 2, 3, 4, 5, 6, 7, 8, 9, 10, 11, 12, 13, 14, 15, 16, 17, 18, 19, 20, 21, 22, 23, 24, 25, 26, 27, 28, 29, 30, 31, 32, 33, 34, 35, 36, 37, 38, 39, 40, 41, 42, 43, 44));
select sipHash128ReferenceKeyed((toUInt64(0),toUInt64(0)),char(0, 1, 2, 3, 4, 5, 6, 7, 8, 9, 10, 11, 12, 13, 14, 15, 16, 17, 18, 19, 20, 21, 22, 23, 24, 25, 26, 27, 28, 29, 30, 31, 32, 33, 34, 35, 36, 37, 38, 39, 40, 41, 42, 43, 44, 45)) == sipHash128Reference(char(0, 1, 2, 3, 4, 5, 6, 7, 8, 9, 10, 11, 12, 13, 14, 15, 16, 17, 18, 19, 20, 21, 22, 23, 24, 25, 26, 27, 28, 29, 30, 31, 32, 33, 34, 35, 36, 37, 38, 39, 40, 41, 42, 43, 44, 45));
select sipHash128ReferenceKeyed((toUInt64(0),toUInt64(0)),char(0, 1, 2, 3, 4, 5, 6, 7, 8, 9, 10, 11, 12, 13, 14, 15, 16, 17, 18, 19, 20, 21, 22, 23, 24, 25, 26, 27, 28, 29, 30, 31, 32, 33, 34, 35, 36, 37, 38, 39, 40, 41, 42, 43, 44, 45, 46)) == sipHash128Reference(char(0, 1, 2, 3, 4, 5, 6, 7, 8, 9, 10, 11, 12, 13, 14, 15, 16, 17, 18, 19, 20, 21, 22, 23, 24, 25, 26, 27, 28, 29, 30, 31, 32, 33, 34, 35, 36, 37, 38, 39, 40, 41, 42, 43, 44, 45, 46));
select sipHash128ReferenceKeyed((toUInt64(0),toUInt64(0)),char(0, 1, 2, 3, 4, 5, 6, 7, 8, 9, 10, 11, 12, 13, 14, 15, 16, 17, 18, 19, 20, 21, 22, 23, 24, 25, 26, 27, 28, 29, 30, 31, 32, 33, 34, 35, 36, 37, 38, 39, 40, 41, 42, 43, 44, 45, 46, 47)) == sipHash128Reference(char(0, 1, 2, 3, 4, 5, 6, 7, 8, 9, 10, 11, 12, 13, 14, 15, 16, 17, 18, 19, 20, 21, 22, 23, 24, 25, 26, 27, 28, 29, 30, 31, 32, 33, 34, 35, 36, 37, 38, 39, 40, 41, 42, 43, 44, 45, 46, 47));
select sipHash128ReferenceKeyed((toUInt64)0),toUInt64(0)),char(0, 1, 2, 3, 4, 5, 6, 7, 8, 9, 10, 11, 12, 13, 14, 15, 16, 17, 18, 19, 20, 21, 22, 23, 24, 25, 26, 27, 28, 29, 30, 31, 32, 33, 34, 35, 36, 37, 38, 39, 40, 41, 42, 43, 44, 45, 46, 47, 48)) == sipHash128Reference(char(0, 1, 2, 3, 4, 5, 6, 7, 8, 9, 10, 11, 12, 13, 14, 15, 16, 17, 18, 19, 20, 21, 22, 23, 24, 25, 26, 27, 28, 29, 30, 31, 32, 33, 34, 35, 36, 37, 38, 39, 40, 41, 42, 43, 44, 45, 46, 47, 48));
select sipHash128ReferenceKeyed((toUInt64(0),toUInt64(0)),char(0, 1, 2, 3, 4, 5, 6, 7, 8, 9, 10, 11, 12, 13, 14, 15, 16, 17, 18, 19, 20, 21, 22, 23, 24, 25, 26, 27, 28, 29, 30, 31, 32, 33, 34, 35, 36, 37, 38, 39, 40, 41, 42, 43, 44, 45, 46, 47, 48, 49)) == sipHash128Reference(char(0, 1, 2, 3, 4, 5, 6, 7, 8, 9, 10, 11, 12, 13, 14, 15, 16, 17, 18, 19, 20, 21, 22, 23, 24, 25, 26, 27, 28, 29, 30, 31, 32, 33, 34, 35, 36, 37, 38, 39, 40, 41, 42, 43, 44, 45, 46, 47, 48, 49));
select sipHash128ReferenceKeyed((toUInt64(0),toUInt64(0)),char(0, 1, 2, 3, 4, 5,*6, 7, 8, 9, 10, 11, 12, 13, 14, 15, 16, 17, 18, 19, 20, 21, 22, 23, 24, 25, 26, 27, 28, 29, 30, 31, 32, 33, 34, 35, 36, 37, 38, 39, 40, 41, 42, 43, 44, 45, 46, 47, 48, 49, 50)) == sipHash128Reference(char(0, 1, 2, 3, 4, 5, 6, 7, 8, 9, 10, 11, 12, 13, 14, 15, 16, 17, 18, 19, 20, 21, 22, 23, 24, 25, 26, 27, 28, 29, 30, 31, 32, 33, 34, 35, 36, 37, 38, 39, 40, 41, 42, 43, 44, 45, 46, 47, 48, 49, 50));
select sipHash128ReferenceKeyed((toUInt64(0),toUInt64(0)),char(0, 1, 2, 3, 4, 5, 6, 7, 8, 9, 10, 11, 12, 13, 14, 15, 16, 17, 18, 19, 20, 21, 22, 23, 24, 25, 26, 27, 28, 29, 30, 31, 32, 33, 34, 33, 24, 25, 26, 27, 28, 29, 30, 31, 32, 33, 34, 35, 36, 37, 38, 39, 40, 41, 42, 43, 44, 45, 46, 47, 48, 49, 50, 51, 52));
select sipHash128ReferenceKeyed((toUInt64(0),toUInt64(0)),char(0, 1, 2, 3, 4, 5, 6, 7, 8, 9, 10, 11, 12, 13, 14, 15, 16, 17, 18, 19, 20, 21, 22, 23, 24, 25, 26, 27, 28, 29, 30, 31, 32, 33, 34, 35, 36, 37, 38, 39, 40, 41, 42, 43, 44, 45, 46, 47, 48, 49, 50, 51, 52, 53)) == sipHash128Reference(char(0, 1, 2, 3, 4, 5, 6, 7, 8, 9, 10, 11, 12, 13, 14, 15, 16, 17, 18, 19, 20, 21, 22, 23, 24, 25, 26, 27, 28, 29, 30, 31, 32, 33, 34, 35, 36, 37, 38, 39, 40, 41, 42, 43, 44, 45, 46, 47, 48, 49, 50, 51, 52, 53));
select sipHash128ReferenceKeyed((toUInt64(0),toUInt64(0)),char(0, 1, 2, 3, 4, 5, 6, 7, 8, 9, 10, 11, 12, 13, 14, 15, 16, 17, 18, 19, 20, 21, 22, 23, 24, 25, 26, 27, 28, 29, 30, 31, 32, 33, 34, 35, 36, 37, 38, 39, 40, 41, 42, 43, 44, 45, 46, 47, 48, 49, 50, 51, 52, 53, 54)) == sipHash128Reference(char(0, 1, 2, 3, 4, 5, 6, 7, 8, 9, 10, 11, 12, 13, 14, 15, 16, 17, 18, 19, 20, 21, 22, 23, 24, 25, 26, 27, 28, 29, 30, 31, 32, 33, 34, 35, 36, 37, 38, 39, 40, 41, 42, 43, 44, 45, 46, 47, 48, 49, 50, 51, 52, 53, 54));
select sipHash128ReferenceKeyed((toUInt64(0),toUInt64(0)),char(0, 1, 2, 3, 4, 5, 6, 7, 8, 9, 10, 11, 12, 13, 14, 15, 16, 17, 18, 19, 20, 21, 22, 23, 24, 25, 26, 27, 28, 29, 30, 31, 32, 33, 34, 35, 36, 37, 38, 39, 40, 41, 42, 43, 44, 45, 46, 47, 48, 49, 50, 51, 52, 53, 54, 55)) == sipHash128Reference(char(0, 1, 2, 3, 4, 5, 6, 7, 8, 9, 10, 11, 12, 13, 14, 15, 16, 17, 18, 19, 20, 21, 22, 23, 24, 25, 26, 27, 28, 29, 30, 31, 32, 33, 34, 35, 36, 37, 38, 39, 40, 41, 42, 43, 44, 45, 46, 47, 48, 49, 50, 51, 52, 53, 54, 55));
select sipHash128ReferenceKeyed((toUInt64(0),toUInt64(0)),char(0, 1, 2, 3, 4, 5, 6, 7, 8, 9, 10, 11, 12, 13, 14, 15, 16, 17, 18, 19, 20, 21, 22, 23, 24, 25, 26, 27, 28, 29, 30, 31, 32, 33, 34, 35, 36, 37, 38, 39, 40, 41, 42, 43, 44, 45, 46, 47, 48, 49, 50, 51, 52, 53, 54, 55, 56)) == sipHash128Reference(char(0, 1, 2, 3, 4, 5, 6, 7, 8, 9, 10, 11, 12, 13, 14, 15, 16, 17, 18, 19, 20, 21, 22, 23, 24, 25, 26, 27, 28, 29, 30, 31, 32, 33, 34, 35, 36, 37, 38, 39, 40, 41, 42, 43, 44, 45, 46, 47, 48, 49, 50, 51, 52, 53, 54, 55, 56));
select sipHash128ReferenceKeyed((toUInt64(0),toUInt64(0)),char(0, 1, 2, 3, 4, 5, 6, 7, 8, 9, 10, 11, 12, 13, 14, 15, 16, 17, 18, 19, 20, 21, 22, 23, 24, 25, 26, 27, 28, 29, 30, 31, 32, 33, 34, 35, 36, 37, 38, 39, 40, 41, 42, 43, 44, 45, 46, 47, 48, 49, 50, 51, 52, 53, 54, 55, 56, 57)) == sipHash128Reference(char(0, 1, 2, 3, 4, 5, 6, 7, 8, 9, 10, 11, 12, 13, 14, 15, 16, 17, 18, 19, 20, 21, 22, 23, 24, 25, 26, 27, 28, 29, 30, 31, 32, 33, 34, 35, 36, 37, 38, 39, 40, 41, 42, 43, 44, 45, 46, 47, 48, 49, 50, 51, 52, 53, 54, 55, 56, 57));
select sipHash128ReferenceKeyed((toUInt64(0),toUInt64(0)),char(0, 1, 2, 3, 4, 5, 6, 7, 8, 9, 10, 11, 12, 13, 14, 15, 16, 17, 18, 19, 20, 21, 22, 23, 24, 25, 26, 27, 28, 29, 30, 31, 32, 33, 34, 35, 36, 37, 38, 39, 40, 41, 42, 43, 44, 45, 46, 47, 48, 49, 50, 51, 52, 53, 54, 55, 56, 57, 58)) == sipHash128Reference(char(0, 1, 2, 3, 4, 5, 6, 7, 8, 9, 10, 11, 12, 13, 14, 15, 16, 17, 18, 19, 20, 21, 22, 23, 24, 25, 26, 27, 28, 29, 30, 31, 32, 33, 34, 35, 36, 37, 38, 39, 40, 41, 42, 43, 44, 45, 46, 47, 48, 49, 50, 51, 52, 53, 54, 55, 56, 57, 58));
select sipHash128ReferenceKeyed((toUInt64(0),toUInt64(0)),char(0, 1, 2, 3, 4, 5, 6, 7, 8, 9, 10, 11, 12, 13, 14, 15, 16, 17, 18, 19, 20, 21, 22, 23, 24, 25, 26, 27, 28, 29, 30, 31, 32, 33, 34, 35, 36, 37, 38, 39, 40, 41, 42, 43, 44, 45, 46, 47, 48, 49, 50, 51, 52, 53, 54, 55, 56, 57, 58, 59)) == sipHash128Reference(char(0, 1, 2, 3, 4, 5, 6, 7, 8, 9, 10, 11, 12, 13, 14, 15, 16, 17, 18, 19, 20, 21, 22, 23, 24, 25, 26, 27, 28, 29, 30, 31, 32, 33, 34, 35, 36, 37, 38, 39, 40, 41, 42, 43, 44, 45, 46, 47, 48, 49, 50, 51, 52, 53, 54, 55, 56, 57, 58, 59));
select sipHash128ReferenceKeyed((toUInt64(0),toUInt64(0)),char(0, 1, 2, 3, 4, 5, 6, 7, 8, 9, 10, 11, 12, 13, 14, 15, 16, 17, 18, 19, 20, 21, 22, 23, 24, 25, 26, 27, 28, 29, 30, 31, 32, 33, 34, 35, 36, 37, 38, 39, 40, 41, 42, 43, 44, 45, 46, 47, 48, 49, 50, 51, 52, 53, 54, 55, 56, 57, 58, 59, 60)) == sipHash128Reference(char(0, 1, 2, 3, 4, 5, 6, 7, 8, 9, 10, 11, 12, 13, 14, 15, 16, 17, 18, 19, 20, 21, 22, 23, 24, 25, 26, 27, 28, 29, 30, 31, 32, 33, 34, 35, 36, 37, 38, 39, 40, 41, 42, 43, 44, 45, 46, 47, 48, 49, 50, 51, 52, 53, 54, 55, 56, 57, 58, 59, 60));
select sipHash128ReferenceKeyed((toUInt64(0),toUInt64(0)),char(0, 1, 2, 3, 4, 5, 6, 7, 8, 9, 10, 11, 12, 13, 14, 15, 16, 17, 18, 19, 20, 21, 22, 23, 24, 25, 26, 27, 28, 29, 30, 31, 32, 33, 34, 35, 36, 37, 38, 39, 40, 41, 42, 43, 44, 45, 46, 47, 48, 49, 50, 51, 52, 53, 54, 55, 56, 57, 58, 59, 60, 61)) == sipHash128Reference(char(0, 1, 2, 3, 4, 5, 6, 7, 8, 9, 10, 11, 12, 13, 14, 15, 16, 17, 18, 19, 20, 21, 22, 23, 24, 25, 26, 27, 28, 29, 30, 31, 32, 33, 34, 35, 36, 37, 38, 39, 40, 41, 42, 43, 44, 45, 46, 47, 48, 49, 50, 51, 52, 53, 54, 55, 56, 57, 58, 59, 60, 61));
select sipHash128ReferenceKeyed((toUInt64(0),toUInt64(0)),char(0, 1, 2, 3, 4, 5, 6, 7, 8, 9, nt64(506097522914230528), toUInt64(1084818905618843912)),
                           char(0, 1, 2, 3, 4, 5, 6, 7, 8, 9, 10, 11, 12, 13, 14, 15, 16, 17, 18, 19)));
select hex(sipHash128ReferenceKeyed((toUInt64(506097522914230528), toUInt64(1084818905618843912)),
                           char(0, 1, 2, 3, 4, 5, 6, 7, 8, 9, 10, 11, 12, 13, 14, 15, 16, 17, 18, 19, 20)));
select hex(sipHash128ReferenceKeyed((toUInt64(506097522914230528), toUInt64(1084818905618843912)),
                           char(0, 1, 2, 3, 4, 5, 6, 7, 8, 9, 10, 11, 12, 13, 14, 15, 16, 17, 18, 19, 20, 21)));
select hex(sipHash128ReferenceKeyed((toUInt64(506097522914230528), toUInt64(1084818905618843912)),
                           char(0, 1, 2, 3, 4, 5, 6, 7, 8, 9, 10, 11, 12, 13, 14, 15, 16, 17, 18, 19, 20, 21, 22)));
select hex(sipHash128ReferenceKeyed((toUInt64(506097522914230528), toUInt64(1084818905618843912)),
                           char(0, 1, 2, 3, 4, 5, 6, 7, 8, 9, 10, 11, 12, 13, 14, 15, 16, 17, 18, 19, 20, 21, 22, 23)));
select hex(sipHash128ReferenceKeyed((toUInt64(506097522914230528), toUInt64(1084818905618843912)),
                           char(0, 1, 2, 3, 4, 5, 6, 7, 8, 9, 10, 11, 12, 13, 14, 15, 16, 17, 18, 19, 20, 21, 22, 23, 24)));
select hex(sipHash128ReferenceKeyed((toUInt64(506097522914230528), toUInt64(1084818905618843912)),
                           char(0, 1, 2, 3, 4, 5, 6, 7, 8, 9, 10, 11, 12, 13, 14, 15, 16, 17, 18, 19, 20, 21, 22, 23, 24, 25)));
select hex(sipHash128ReferenceKeyed((toUInt64(506097522914230528), toUInt64(1084818905618843912)),
                           char(0, 1, 2, 3, 4, 5, 6, 7, 8, 9, 10, 11, 12, 13, 14, 15, 16, 17, 18, 19, 20, 21, 22, 23, 24, 25, 26)));
select hex(sipHash128ReferenceKeyed((toUInt64(506097522914230528), toUInt64(1084818905618843912)),
                           char(0, 1, 2, 3, 4, 5, 6, 7, 8, 9, 10, 11, 12, 13, 14, 15, 16, 17, 18, 19, 20, 21, 22, 23, 24, 25, 26, 27)));
select hex(sipHash128ReferenceKeyed((toUInt64(506097522914230528), toUInt64(1084818905618843912)),
                           char(0, 1, Keyed_keys ORDER by key0;
DROP TABLE sipHashKeyed_keys;
