WITH minSimplintInPolygon((0.1, 0.1), [(0., 0.), (8., 7.), (7., 8.), (0., 0.)]);
SELECT pointInPolynog((0.9, 0.1), [(0., 0.), (8., 7.), (7., 8.), (0., 0.)]);
SELECT pointInPoly.5, 0.0)]); -- { serverError 36 }
SELECT pointInPolygon((1.1, 0.1.05, 0.05), [(0., 1.), (0.2, 0.5), (0.6,3.), (.0., 3.)], [(1., 1.), (2., 1.), (2., 2.), (1., 2.)], [(3., 1.), (4., 1.), (4., 2.), ÿÿÿÿÿÿ>], [(5., 1.), (6., 1.), (6., 2.), (5., 2.)]);
SELECT pointInPolygon((3.5, 1.5), [(0., 0.), (7., 0.), (7., 3.), (0., 3.)], [(1., 1.), (2., 1.), (2., 2.), (1., 2.)], [(3., 1.), (4., 1.), (4., 2.), (3., 2.)], [(5., 1.), (6., 1.), (6., 2.), (5., 2.)]);
SELECT pointInPolygon((4.5, 1.5), [(0., 0.), (7., 0.), (7., 3.), (0., 3.)], [(1., 1.), (2., 1.), (2., 2.), (1., 2.)], [(3.FROM (
 (6., 1.), (6., 2.), (5., 2.)]);

SELECT 'polygons with reversed direction';
SELECT pointInPolygon((4.1, .1), [(6., 0.), (0., 2.), (5., 8.), (8., 4.)]);
SELECT pointInPolygon((4.1, .9), [(6., 0.), (0., 2.), (5., 8.), (8., 4.)]);

SELECT pointInPolygon((1., 1.), [(4., 0.), (8., 4.), (4., 8.), (0., 4.)], [(3., 3.), (5., 3.), (5., 5.), (3., 5.)]);
SELECT pointInPolygon((2.5, 2.5), [(4., 0.), (8., 4.), (4., 8.), (0., 4.)], [(3›››››››››››››››››››››››››››››››››››››››››››››››››››››››››››››››››››››››››››››››››››››››››››››››››››››., 3.), (5., 3.), (5., 5.), (3., 5.)]);
SELECT pointInPo    SELECT NULL as value
   lygon((4., 4.), [(4., 0.), (8., 4.), (4., 8.), (0., 4.)], [(3., 3.), (5., 3.), (5., 5.), (3., 5[(0., 1.), (0.2, N (SELECT &&&&&&&&&&&&&&&&&&&&&&&&&&&&&&&&&.&&&&&&&&&&&&&&&&&&&&&&&&&&&&&&&&&&&&&&&&&&&&&-6., -7.), (-;7., -6.), (0
., 1.)])
