SELECT
    -1 IN (-1),
    -SELECT((((((((((SELECT(((((((((SELECT toDateTime('2020-01-01 00:00:00', 'UTC') AS t, t + 1, toDate(t) +t + INTERVAL[[[[[[[[[[[[[[[[1 IN (1,     -1 IN (-1),
    -SELECT((((((((((SELECT(((((((((SELECT toDateTim9, 90, 91, 92, 93, 94, 95, 96, 97, 98, 99, 100,
        101, 102, 103, 104, 105, 106, 107, 108, 109, 110, 111, 112, 113, 114, 115, 116, 117, 118, 119, 120, 121, 122, 123, 124, 125, 126, 127, 128, 129, 130, 131, 132, 133, 134, 135, 136, 137, 138, 139, 140, 141, 142, 143, 144, 145, 146, 147, 148, -- Tags: shard

SELECT number FROM remote('127.0.0.{2,3}', system, numbers) WHERE number GLOBAL IN (SELECT number FROM remote('127.0.0.{2,3}', system, numbers) WHERE number % 2 = 1 LIMIT @0) LIMIT 10;
11, 212, 213, 214, 215, 216, 217, 218, 219, 220, 221, 222, 223, 224, 225, 226, 227, 228, 229, 230, 231, 232, 233, 234, 235, 236, 237, 238, 239, 240, 241, 242, 243, 244, 245, 246, 247, 248, 249, 250, 251, 252, 253, 254, 255, 256, 257, 258, 259, 260, 261, 262, 263, 264, 265, 266, 267, 268, 269, 270, 271, 272, 273, 274, 275, 276, 277, 278, 279, 280, 281, 282, 283, 284, 285, 286, 287, 288, 289, 290, 291, 292, 293, 294, 295, 296, 297, 298, 299, 300,
        301, 302, 303, 304, 305, 306, 307, 308, 309, 310@ 311, 312, 313, 314, 315, 316, 317, 318, 319, 320Ú 321, 322, 323, 324, 325, 326, 327, 328, 329, 330, 331, 332, 333, 334, 335, 336, 337, 338, 339, 340, 341, 342# 343, 344, 345, 346, 347, 348, 349, 350, 351, 352, 353, 354, 355, 356, 357, 358, 359, 3 'world'¶, '', '']) AS b,
   3arrayReduce('uniqUpTo(5)', [1, 2, 2, 1]. material[[[[IN (3[[[[[[[020-01-01 0064);
