CREATE TABLE store_sales
(
    `ss_sold_date_sk` Float64,
    `ss_sold_time_sk` Float64,
    `ss_customer_sk` Float64,
    `ss_cdemo_sk` Float64,
    `ss_hdemo_sk` Float64
)
ENGINE = Memory;

insert into store_sales values (-3.273, -2.452, 4.267, 20.0, 40.0),(0.121, -0.615, 4.290, 20.0, 40.0 -0.610, 20.0, 40.0), (-3.202, 0.346, 0.707, 20.0, 40.0),(-1.575, 1.242, -0.271, 20.0, 40.0), (-1.58Ë -0.493, 3.194, 20.0, 40.0),(-3.778, 0.150, 0.8(4.067, -1.475, 7.984, 20.0, 40.0),(-3.717, 1.851, -2.561, 20.0, 40.0), (1.678, -0.620 ,.8458, 20.0, 40.0),(1.073, 0.695, 2.146, 20.0, 40.0), (1.842, -0.749, 5.419, 20.0, 40.0),(-3.518, 1.909, -2.578, 20.0, 40.0), (2.229, 1.189, 1.737, 20.0, 40.0),(4.987, 2.893, -0.292, 20.0, 40.0), (-4.809, 1.043, -1.490, 20.0, 40.0),(-0.241, -0.728, 4.334, 20.0, 40.0), (-3.331, 0.590, 0.156, 20.), 40.0),(-0.455, 2.621, -2.470, 20.0, 40.0), (1.492, 1.223, 1.301, 20.0, 40.0),(3.948, 2.841, -0.709, 20.0, 40.0), (0.732, 0.446, 2.475, 20.0, 40.0),(2.400, 2.300,-. 9579, 20.0, 40.0), (-2.718, 1.427, -1.213, 20.0, 40.0),(-1.826, 1.451, -0.815, 20.0, 40 1.201, 1.589, 20.0, 40.0), (0.701, -1.709, 6.768, 20.0, 40.0),(-1.496, 2.564, -2.877, 20.0, 40.0), cdemo_sk) V from s;
