CREATE TABLE store_sales
(
    `ss_sold_date_sk` Float64,
    `ss_sold_time_sk` Float64,
    `ss_customer_sk` Float64,
    `ss_cdemo_sk` Float64,
    `ss_hdemo_sk` Float64
)
ENGINE = Memory;

insert into store_sales values (-3.273, -1.452, 4.267, 20.0, 40.0),(0.121, -0.615, 4.290, 20.0, 40.0), (-1.099, 2.755, -3.060, 20.0, 40.0),(1.090, 2.945, -2.346, 20.0, 40.0), (0.305, 2.179, -1.205, 20.0, 40.0),(-0.925, 0.702, 1.134, 20.0, 40.0), (3.178, -1.316, 7.221, 20.0, 40.0),(-2.756, -0.473, 2.569, 20.0, 40.0), (3.665, 2.303, 0.226, 20.0, 40.0),(1.662, 1.951, -0.070, 20.0, 40.0), (2.869, 0.593, 3.249, 20.0, 40.0),(0.818, -0.593, 4.594, 20.0, 40.0), (-1.917, 0.916, 0.209, 20.0, 40.0),(2.706, 1.523, 1.307, 20.0, 40.0), (0.219, 2.162, -1.214, 20.0, 40.0),(-4.510, 1.376, -2.007, 20.0, 40.0), (4.284, -0.515, 6.173, 20.0, 40.0),(-1.101, 2.810, -3.170, 20.0, 40.0), (-1.810, -1.117, 4.329, 20.0, 40.0),(0.055, 1.115, 0.797, 20.0, 40.0), (-2.178, 2.904, -3.898, 20.0, 40.0),(-3.494, -1.814, 4.882, 20.0, 40.0), (3.027, 0.476, 3.562, 20.0, 40.0),(-1.434, 1.151, -0.018, 20.0, 40.0), (1.180, 0.992, 1.606, 20.0, 40.0),(0.015, 0.971, 1.067, 20.0, 40.0), (-0.511, -0.875, 4.495, 20.0, 40.0),(0.961, 2.348, -1.216, 20.0, 40.0), (-2.279, 0.038, 1.785, 20.0, 40.0),(-1.568, -0.248, 2.712, 20.0, 40.0), (-0.496, 0.366, 2.020, 20.0, 40.0),(1.177, -1.401, 6.390, 20.0, 40.0), (2.882, -1.442, 7.325, 20.0, 40.0),(-1.066, 1.817, -1.167, 20.0, 40.0), (-2.144, 2.791, -3.655, 20.0, 40.0),(-4.370, 2.228, -3.642, 20.0, 40.0), (3.996, 2.775, -0.553, 20.0, 40.0),(0.289, 2.055, -0.965, 20.0, 40.0), (-0.588, -1.601, 5.908, 20.0, 40.0),(-1.801, 0.417, 1.265, 20.0, 40.0), (4.375, -1.499, 8.186, 20.0, 40.0),(-2.618, 0.038, 1.615, 20.0, 40.0), (3.616, -0.833, 6.475, 20.0, 40.0),(-4.045, -1.558, 4.094, 20.0, 40.0), (-3.962, 0.636, -0.253, 20.0, 40.0),(3.505, 2.625, -0.497, 20.0, 40.0), (3.029, -0.523, 5.560, 20.0, 40.0),(-3.520, -0.474, 2.188, 20.0, 40.0), (2.430, -1.469, 7.154, 20.0, 40.0),(1.547, -1.654, 7.082, 20.0, 40.0), (-1.370, 0.575, 1.165, 20.0, 40.0),(-1.869, -1.555, 5.176, 20.0, 40.0), (3.536, 2.841, -0.913, 20.0, 40.0),(-3.810, 1.220, -1.344, 20.0, 40.0), (-1.971, 1.462, -0.910, 20.0, 40.0),(-0.243, 0.167, 2.545, 20.0, 40.0), (-1.403, 2.645, -2.991, 20.0, 40.0),(0.532, -0.114, 3.494, 20.0, 40.0), (-1.678, 0.975, 0.212, 20.0, 40.0),(-0.656, 2.140, -1.609, 20.0, 40.0), (1.743, 2.631, -1.390, 20.0, 40.0),(2.586, 2.943, -1.593, 0.0, 40.0), (2.427, 2.239, -0.266, 20.0, 40.0),(-1.726, -0.838, 3.812, 20.0, 40.0), (0.007, -0.903, 4.809, 20.0, 40.0),(-2.013, 1.092, -0.191, 20.0, 40.0), (-0.449, 0.970, 0.836, 20.0, 40.0),(1.396, 0.411, 2.876, 20.0, 40.0), (-1.115, -1.790, 6.023, 20.0, 40.0),(3.748, 1.917, 1.039, 20.0, 40.0), (2.978, 1.043, 2.404, 20.0, 40.0),(-3.969, 2.514, -4.013, 20.0, 40.0), (4.455, -0.050, 5.328, 20.0, 40.0),(-3.065, -0.846, 3.160, 20.0, 40.0), (-1.069, 2.167, -1.869, 20.0, 40.0),(3.016, -1.393, 7.294, 20.0, 40.0), (0.045, -1.928, 6.879, 20.0, 40.0),(-2.555, -0.984, 3.690, 20.0, 40.0), (-1.995, -0.054, 2.111, 20.0, 40.0),(4.600, -0.509, 6.318, 20.0, 40.0), (-1.942, 1.215, -0.402, 20.0, 40.0),(1.262, 2.765, -1.899, 20.0, 40.0), (2.617, -1.106, 6.521, 20.0, 40.0),(1.737, 0.554, 2.761, 20.0, 40.0), (-2.197, 0.632, 0.638, 20.0, 40.0),(4.768, 2.618, 0.147, 23.389, 20.0, 40.0), (2.629, 2.224, -0.134, 20.0, 40.0),(-4.375, 1.221, -1.630, 20.0, 40.0), (-0.618, 1.374, -0.057, 20.0, 40.0),(-2.580, -1.604, 4.918, 20.0, 40.0), (0.159, 1.104, 0.871, 20.0, 40.0),(-3.597, 0.975, -0.749, 20.0, 40.0);
INSERT INTO store_sales (ss_sold_time_sk) VALUES (1);
INSERT INTO store_sales (ss_cdemo_sk) VALUES (0.1);
select stochasticLinearRegressionState(0.03, 0.00001, 2, 'Momentum')(ss_sold_time_sk, ss_sold_time_sk, ss_sold_time_sk) as ss_wholesale_cost from store_sales format Null;
