DROP TABLE IF EXISTS defaults;
CREATE TABLE IF NOT EXISTS defaults
(
    param1 Float64,
    param2 Float64,
    target Float64,
    predict1 Float64,
    predict2 Float64
) ENGINE = Memory;
insert into defaults values (1,2,1,-1,-2),(-1,-2,-1,1,2),(1,2,1,-1,-2),(-1,-2,-1,1,2),(1,2,1,-1,-2),(-1,-2,-1,1,2),(1,2,1,-1,-2),(-1,-2,-1,1,2),(1,2,1,-1,-2),(-1,-2,-1,1,2),(1,2,1,-1,-2),(-1,-2,-1,1,2),(1,2,1,-1,-2),(-1,-2,-1,1,2),(1,2,1,-1,-2),(-1,-2,-1,1,2),(1,2,1,-1,-2),(-1,-2,-1,1,2),(1,2,1,-1,-2),(-1,-2,-1,1,2),(1,2,1,-1,-2),(-1,-2,-1,1,2),(1,2,1,-1,-2),(-1,-2,-1,1,2),(1,2,1,-1,-2),(-1,-2,-1,1,2),(1,2,1,-1,-2),(-1,-2,-1,1,2),(1,2,1,-1,-2),(-1,-2,-1,1,2),(1,2,1,-1,-2),(-1,-2,-1,1,2),(1,2,1,-1,-2),(-1,-2,-1,1,2),(1,2,1,-1,-2),(-1,-2,-1,1,2),(1,2,1,-1,-2),(-1,-2,-1,1,2),(1,2,1,-1,-2),(-1,-2,-1,1,2),(1,2,1,-1,-2),(-1,-2,-1,1,2),(1,2,1,-1,-2),(-1,-2,-1,1,2),(1,2,1,-1,-2),(-1,-2,-1,1,2),(1,2,1,-1,-2),(-1,-2,-1,1,2),(1,2,1,-1,-2),(-1,-2,-1,1,2),(1,2,1,-1,-2),(-1,-2,-1,1,2),(1,2,1,-1,-2),(-1,-2,-1,1,2),(1,2,1,-1,-2),(-1,-2,-1,1,2),(1,2,1,-1,-2),(-1,-2,-1,1,2),(1,2,1,-1,-2),(-1,-2,-1,1,2),(1,2,1,-1,-2),(-1,-2,-1,1,2),(1,2,1,-1,-2),(-1,-2,-1,1,2),(1,2,1,-1,-2),(-1,-2,-1,1,2),(1,2,1,-1,-2),(-1,-2,-1,1,2),(1,2,1,-1,-2),(-1,-2,-1,1,2),(1,2,1,-1,-2),(-1,-2,-1,1,2),(1,2,1,-1,-2),(-1,-2,-1,1,2),(1,2,1,-1,-2),(-1,-2,-1,1,2),(1,2,1,-1,-2),(-1,-2,-1,1,2),(1,2,1,- (select state from model) as model select evalMLMethod(model, predict1, predict2) as ans from defaults limit 2);

DROP TABLE defaults;
DROP TABLE model;
