CSV
idU Int16 Codec(ZSTD(3))
536

+672

153336


151536

2675

153537
1532
15336

1336

32
1532
15336

1
1
1532
15336

135336

32
2
15336

1

1336

151536

+672

6

1

1336

151536

+672

153336

31
3536

32
2
15336

1

1336

151536

+67

+672

153336

332
2
15336

1

1336

151536

+672

153336

32
150
77777777777777777779
445
44
5555

49
445


8
-430000000





0







159


17249









0




159


17249
4459
59



49
445
4459
59



49
4459
59


8
-430000000007
777


159


0000059427624215461085021