CSV
idU Int32 Codec(ZSTD(3))
15555555555553151536

+672

153336


151
151536

+6

135336

32
2
15336

1

1336

151536

+672

153336

336


1
1532
15336

135336


1336

151536

2672

153537
1532
15336

1336

32
1532
15336

1336


1
1532
15336

135336

32
2
15336

336

151536

+672

153336


151
151536

+6

135336

32
2
15336

1

1336

151536

+672

153336

336


1
1532
15336

135336

32
2
15336
11


336

151536

+672

153336

32
1532
132
15336

1336

32
1532
15336

1336


1
1532
15336

135336

32
2
15336

1

1336

151536

+672

153336


151536

2672

153537
1532
15336

1336

32
1532
15336

1
1
1532
15336

135336

32
2
15336

1

1336

151536

+6

135336

32
2
15336

1

1336

151536

+672

153336

336


1
1532
15336

135336

32
2
15336

1

1336

151536

2672

153537
1532
15336

1336

32
1532
15336

1
1
1532
153536

+672

153336

336


1
1532
15336

135336

32
2
15336

1

1336

151536

2672

153537
1532
15336

1336

32
1532
15336

1
1
1532
15336

135336

32
2
15336

1

1336

151536

+6

135336

32
2
15336

1

1336

151536

+672

153336

336

36

135336

3
15336

1
536

+672

153336


151536

2672

153537
1532
15336

1336

32
1532
15336

1
1
1532
15336

135336

32
2
15336

1

1336

151536

+6



151536

+672

153336

32
1532
5336

1


1
1532
15332
1532
15336

1336,


1
1532
15336

13531546108502
