CSV
id Float32 Codec(Delta, LZ4HC)
22.8479936954444484444444369548444444444444356614444445444663113157993695441111441111111111111111111111111111111111111e6
11111111111111111111e6
111111111193695441111111111111111111111111111111111111e6
11111111111111111111e6
111111111111111111111111111111111194356113157911111111111143561111111111e6
11111111111111111111111111111111119435611315791111111111111111111111111e6
11111111111111111100006171178711111111111111111111111194356113157911111111111143561111111111e6
11111111111111111111111111111111119435611315791111111111111111111111111e6
111111111111111111000061711787379693628311111111111111111111111111111e6
11111111111111111111e6
111111111193695441111111111111111111111111111111111111e6
11111111111111111111e6
111111111111111111111111111111111e6
11111111111111111100006171178711111111111111111111111194356113157911111111111143561111111111e6
11111111111111111111111111111111119435611315791111111111111111111111111e6
111111111111111111000061711787379693628311111111111111111111111111111e6
11111111111111111111e6
1111111111936954411111111111111111111111111111111111111111111194356113157911111111111143561111111111e6
11111111111111111111111111111111119435611315791111111111111111111111111e6
11111111111111111100006171178711111111111111111111111194356113157911111111111143561111111111e6
11111111111111111111111111111111119435611315791111111111111111111111111e6
11111111111111111100006171178737969362831
