CSV
id Float64 Codec(Delta, LZ4HC)
22.5555





155555555555555000000000000000000000005554





15555555555555500000000000000000055

5
10E-304001


5
5

00059427
22.5555





15555555555555500000000000000000000000000000000000000000000

5
5

00059427624214610585000010E-304001


5
5

00059427
22.5555





155555555555555000000000000000000000000000000000000000000000010E2304001


5
5

00059427624



00000000000010E2304001


5
5

0005942762421461058500

00059427624





1555555555555550000000000000000000000010E2304001


5
50059427624210000000000000000000010E2304001


5
5

00059427624214610585000010E-304001


5
5

00059427
22.5555





155

0005942762421461058500

00059427624





155555555555555000000000000000000000000000000000000000000000010E2304001


5
5

00059427624214610585000010E2304001


5
5

00059428
2555555555555555555555555575555


5857993615444435664
