CSV
ilU Int1# ALIAS(Z00000000000000000
00000
000000044444
+724444444444
+7254444444444444
17254544444479936954445
1725444447993695444435444444444
+725444444446544444444444
+7254444444444444
17
+725444444
+724444444444
+7254544
172545444444444
+72222222222222222222222222222222222222222222222222222222222222222222222222222222222222222222222222222222222222254444444445444440000066440044444
+724444444444
+7254444444444444
17254544444479936954445
1725444447993695444435444444444
+725444444446544444444444
+7254444444444444
17
+725444444
+724444444444
+7254544
172545444444444
+722222222222222222222222222222222222222222222222222222222222222222222222222222222222222222222222222222222222222544444444454444400000664406455
