CSV
id Float32 Codec(Delta, LZ4HC)
22.847944444444435661154446

1

16
5555

579936954444355555555565555555555.5555555655555555555555555
5552.5555555655555555555555
55
22.5555555655555555555555
5555

57993

336.847944444444435661154446

1

65555555555.5555555655555555555555555
5552.5555555655555555555555
55
22.5555555655555555555555
5555

57993

336.847944444444435661154446

1

16
5555

579936954444355555555565555555555.5555555655555555555555555
5552.5555555655555555555555
55
22.5555555655555555555555
5555

57993

3365661154446

1

16
5555

579936954444355555555565555555555.5555555655555555555555555
5552.5555555655555555555555
55
22.5555555655555555555555
5555

57993

336.847944444444435661154446

1

16
5555

579936954444355555555565555555555.5555555655555555555555555
5552.5555555655555555555555
55
22.55555555555555555555
5552.5555555655555555555555
55
22.5
5555

57993

336.847944444444435661154446

1

16
5555

579936954444355555555565555555555.5555555655555555555555555
5552.55555556555555555511111111111111

1

1111111111111111

1

11111111111111111

1

1111111111111111111111111111119435664
