CustomSeparated
a LowCardinality(String)
1TSV
`ideUnx `Int8
-4ing59






8












8












0


437759






8












8












0




159






8
0




172











0




17249
4460
51



49
4459
59






0
7777777777777777777


8












0


437/759






8




false







8












0




159






8







0




17249
4459
51



49
4459
59






0
777777777777777777777777

159






8
0




172











0
37759






8












8












0


437759






8












8













8












8












0


437759






8












8


LZ4






0




177777777777str
51



49
4459
59






0
777777777777777777777777

159






8




17249


4459





5

9

