CSV
id Float64 Codec(Delta, LZ4HC)
22.847993695444448444444436954844444444444435661444444444356611315799111111116
111111111e111111111111111111111111111111111111111111111111111116
111111113157993695444811111111111111111111111111111111111111111116
111111111e111111111111111111111111111111111111111111111111111116
111111111e1111111111111111111111111111111111111111116
111111111111111111111111111111111111111111111111111111111111111111116
111111111e11111111111111111111111111111111111111111111111111111111111116
111111111e11111111111111111111111119457911110000000000000000000000000000000000000000000008198552921648689611
111111111e111111111111111111111111111111111111111111111111111116
111111111e1111111111111111111111111111111111111111116
111111111111111111111111111111111111111111111111111111111111111111116
111111111e1111111111111111111111111111111111111111111111111111111111111111111111116
111111111e111111111111111111111111111111111111111111111111111116
111111113157993695444811111111111111111111111111111111111111111116
111111111e111111111111111111111111111111111111111111111111111116
111111111e1111111111111111111111111111111111111111116
100000000000000000000000000000000000000000000000016397105843297379224
111111111e11111111111111111111111111111111111111111111111111111111111116
111111111e11111111111111111111111119457911110000000000000000000000000000000000000000000008198552921648689611
111111111e111111111111111111111111111111111111111111111111111116
111111111e1111111111111111111111111111111111111111116
111111111111111111111111111111111111111111111111111111111111111111116
111111111e1111111111111111111111111111111111111111111111111111111111136954448111111111444444444443566144444444435661111111111111111111111111111111111111111111111111111111111111116
111111111e111111111111111111111111111111111111111111111111111116
111111113157993695444811111111111111111111111111111111111111111116
111111111e111111111111111111111111111111111111111111111111111116
111111111e1111111111111111111111111111111111111111116
111111111111111111111111111111111111111111111111111111111111111111116
111111111e11111111111111111111111111111111111111111111111111111111111116
111111111e11111111111111111111111119457911110000000000000000000000000000000000000000000008198552921648689611
111111111e111111111111111111111111111111111111111111111111111116
111111111e1111111111111111111111111111111111111111116
111111111111111111111111111111111111111111111111111111111111111111116
111111111e1111111111111111111111111111111111111111111111111111111111111111111111116
111111111e111111111111111111111111111111111111111111111111111116
111111113157993695444811111111111111111111111111111111111111111116
111111111e111111111111111111111111111111111111111111111111111116
111111111e1111111111111111111111111111111111111111116
100000000000000000000000000000000000000000000000016397105843297379224
111111111e11111111111111111111111111111111111111111111111111111111111116
111111111e11111111111111111111111119457911110000000000000000000000000000000000000000000008198552921648689611
111111111e111111111111111111111111111111111111111111111111111116
111111111e1111111111111111111111111111111111111111116
111111111111111111111111111111111111111111111111111111111111111111116
111111111e11111111111111111111111111111111111111111111111111111111111116
1111111111116
111111111111111111111111111111111111111111111111111111111111111111116
1111111111116
111111111111111111111111111111111111111111111111111111111111111111116
111111111e111111111111111111119435664
