TSVRaw
e									Int64
822222222444444
172500000084
17443566134444254400000000000064
822222222444444
172500000084
174435661344442544000000000000444444444444444444444444444400000000000000000000000000159130184
17443566134444254444822222222444444
1725444444444444443562131579936954444444444444356613444444356444
1744356613444425444444444444443566144822222222444444
1725444444444444443562131579936954444444444444356613444444356444
17443566134444254444444444444435661319959736544579936954444444444444356613157993695444222000000000444444444444444444444444444444444444444444444444444444444444444444444400000000000000000000000000159130184
17443566134444254444822222222444444
1725444444444444443562131579936954444444444444356613444444356444
1744356613444425444444444444443566144822222222444444
1725444444444444443562131579936954444444444444356613444444356444
1744356613444425444444444444443566131995973654457993695444444444444435661315799369544422222222222