TSV
i  Int16

336

1

336


1

16

1
6

1













































































336


1

16

1
6

1




















































































33




















336


1

3

















































































336


1

336

1336









33




















336


1

3

















































































336


1

336

1336


1

336
3