CSV
idU Int1
17254444890791429614
400127321429614
400000000000000000000001273218909614
400000000000000000000001273218909614
400000008907978273218909614
400000000000000000000001273218909614
40060000000054444890797860000000000127321429614
400127321429614
400000000000000000000001273218909614
400000000000000000000001273218909614
400000000000000000000000000000000000961
172544448907978273218909614
400000000000000000000001273218909614
400600000000001273214290012732142961400000000000000000000000000001273218909614
4000000000000000000000004
