CSV
id Float64 Codec(Delta, LZ4HC)
22.55555555555006644064000000000666666000000000000000000000000000444444444
+724444
1736954445
1725444447993695444435444444444
+725444444444544444444444
+7254444444444444
17
+725444444444544444444444
+724444444444
+724444
17
+725444444444544444444406644000006644555555e4544
172544444444444
+725444444444544444444444
+7250000360624095
17
+725444444444544444444444
+72444444444454544
172544444444444
+725444444444544444444444
+7254444444444444
17
+7254444
+724444444444
+7254544
172544444444444
+725444444444544444444444
+725000000000000000000006644000006644555554
+725000000000000000000006644000006644555555e355

95444435,