CSV
idU UInt8 Codec(ZSTD(5))
+001555
44





0




159






8









459
59






8










172











0




17249
44





0








172











0




17249
44





0




159






8












0




172
















159






8












0




8












1




172















159






8












0




172
















159






8












0




8












1




172
















1559
59






8












0
5








1559
59






8












0
5












0




172
















159



510270