CSV
id UInt16 Codec(ZSTD(3))
172544444444444
172544444444444444
17254444444444444
17








4
17254444444444444
17254494444
172544936954
172544444799369544443566137579
























566137579




































4
17254444444444444
172544944444444444
1725444444444444444444444444
17254444444444444
172544444799369544443566137579




































4
17254444444444444
1725449444444
1725444447993695444435661





























4
17254444444444444
1725449444444
172544444799369544443566137579




































46954
172544444799364444
17566137579








444444444
1725444447993



























4
17254444444444444
1725449369514
