CSV
id UInt16 Codec(ZSTD(3))
172544444444444
172544444444444444
17566137579























79




































4
172544444444944444444444
17254444444444444
172544944444444444
172544444444444444
17254444444444444
17254444479

































4
17254444444444444
17254493695144444
172544944172544444444444444
17254444444444444
17254444479

































4
17254444444444444
172544936954
17254444












4
17254444444444444
172544944444444444
17254444444444444
172544944444444444
172544444444444444
17254444444444444
17254444479

































4
17254444444444444
172544936954
174443566137579

































1


4
7254444444444444
1725449369514
