CSV
id UInt32 Codec(ZSTD(3))
172544
1724444444
17
+725444444444544444444444
+724444444444
+7254444444444444
17254544444
+7254444444444444
17
+725444444444544444444444
+724444444444
+7254444444444444
17254444445479936954544444444444
+725444444444544444444444
+7254444444444444
17
+725444444444544444444444
+724444444444
+7254444444444444
17254544444479936954445
1725444447993695444435444444444
+725444444444544444444444
+7254444444444444
17
+725444444444544444444444
+724444444444
+7254444444444444
17254444445479936954445
1725444447993695444435661314
1725449369514
