CSV
id Float64 Codec(Delta, LZ4HC)
22.55555555

57

579936954444355555555565555555555565555555555.555555565555555555555555555555556

336

1

16
5555

579936954444355555555565555555555.5555555655555555555555
5555

57993555555552.5555555655555555555555
55
22.5555555655555555555555
5555

579934443555555555655555555555556

336

1

16
5555

579936954444355555555565555555555.5555555655555555555555
536954444355555555565555555555.5555555655555555555555
5555

57993555555552.5555555655555

579936555555552.5555555655555555555555
5555

579935555555555555555655555556

336

1

16
5555

579936954444355555555565555555555.5555555655555555555555
5555

57993555555552.5555555655555

579936555555552.5555555655555555555555
5555

579935555555555555555655555555555556
55555565555555555.5555555655555555555555
5555

57555

555

579935555555555555555655555556

336

1

16
5555

579936954444355555555565555555555.5555555655555555555555
5555

57993555555552.5555555655555

579936555555552.5555555655555555555555
5555

579935555555555555555655555555555556
55555565555555555.5555555655555555935555555555555555655555555555556
55555565555555555.5555555655555555555555
5555

57555

579935557993555555552.5555555655555

579936555555552.5555555655555555555555
5555

579935555555555555555655555556

336

1

16
5555

579936954444355555555565555555555.555555555
5555

57555

579935557993555555552.5555555655555

579936555555552.5555555655555555555555
5555

579935555555555555555655555556

336

1

16
5555

579936954444355555555565555555555.5555555655555555555555
5555

57993555555552.5555555655555

579936555555552.5555555655555555555555
5555

579935555555555555555655555555555556
55555565555555555.5555555655555555555555
5555

57993555555552.5555555655555

57993695444435664
