TSV
`ideUnx `Int
-430









8












0











8












0




159


17249



4459
59



49
4459
59


8
-430000000








0




159


17249









0




159


17249
4459
59



49
445
4459
59



49
4459
59


8
-430000000007
777


159


17249









0




159


17007
77778
-437759






8












8












0




159


17249
4459
59



49
445






0




159


17249
4459
59



49
445
4459
59



49
4459
59


8
-430000000007
777


159


17249









0




159


17249
4459
59



49
445
4459
59



49
4459
59


8
-430000000








0




159


17249









0




159


17249
4459
59



49
445
4459
59



49
4459
59


8
-430000000007
777


159


17249









0




159


17007
77778
-437759






8












8












0




159


17249
4459
59



49
4459
59






0
777777777777777777777777777