CSV
id Float
11.00
10
4532.0
01405
320
01405
322.80
10
452
22.80
10
22.00
10
4532.0
01405
322.80
32.0
01405
322.80
10
452
22.80
05
322.80
101405
452
22.80
10
453
452
2.80
10
452
22.80
10
22.00
10
4532.0
01405
322.80
101405
322.80
10
452
532.0
10
452
22.80
10
453
452
2.80
10
452
22.80
10
22.00
10
4532.0
01405
322.80
101405
452
22.80
10
453
452
2.80
10
452
22.80
10
22.00

2.80
10
452
22.80
10
2201405
322.80
10
452
532.0
01405
320
01405
322.80
10
452
22.80
10
22.00
10
4532.0
01405
322.80
10
452
22.80
10
453
452
2.80
0
01405
322.80
101405
322.80
10
452
532.0
10
452
22.80
10
453
452
2.80
10
452
22.80
10
22.00
10
4532.0
01405
322.80
101405
452
322.80
10
452
22.80
10
22.00
10
4532.0
0
452
22.80
10
453
422.00
10
4532.0
01405
322.80
101405
452
22.80
10
453
452
2.80
10
4
22.00
10
4532.0
01405
322.80
101405
322.80
10
452
532.0
10
452
22.80
10
453
452
2.80
10
452
22.80
10
22.00
10
4532.0
01405
322.80
101405
452
22.80
10
453
452
2.80
10
452
22.80
10
22.00
52
