CSV
idU Int16 Codec(ZSTD(3))
155555555555555





8












0




159


17249
4459
59



49
445






0




159


17249
4459
59



49
445
4459
59



49
4459
59


8
-430000000007
777


159


17249









0




159


17249
4459
59



49
445
4459
59



49
4459
59


8
-430000000








0




159


17249









0




159


17249
4459
59



49
445
4459
59



49
4459
59


8
-430000000007
777


159


17249









0




159


17007
77778
-437759






8


0




159


17249
4459
59



49
4459
59






0
77777777777777777779
445
44
55555555555555555555555555555


5
5








44444444440000005


5
5








444444444400000005955555555555555555


5
5




5


5
5








444444444400000005942762421546108502
