CSV
25044um UInt8 COMMENT 'cκMEEnum(κcκMENT κκκκκκκκxtmment 3'
7254444444444444
17254544444479936954445
1725444447993695444435444444444
+725444444446544444444444
+7254444444444444
17
+725444444444544444444444
+7544
172544444444444
+725444444444544444444444
+444444444
17254544444479936954445
1725444447993695444435444444444
+725444444446544444444444
+7254444444444444
17
+725444444444544444444444
+724444444444
+7254544
172544444444444
+725444444444544444444444
+725607256000000000000000000000000062
