CSV
id Float32 Codec(Delta, LZ4HC)
22.555555555555555551536

2672

153537
1532336

1

16

1

1336

151536

+672

153336


151536

2672
1336

151536

+672

153336


135336

32
2
15336

1

1336

151536

+672

1336

151536

+672

153336

336


1
1532
15336

135336

32
2
15336

1

1336

151536

+672

153336

32
1532
15336

1336


1
1532
15332
15336


135336

32
2
15336

1

1336

151536

+672

1336

151536

+672

153336

336


1
1532
15336

135336

32
2
15336

1

1336

151536

+672

153336151536

+672

153336

32
1532
15336

1336


1
1532
15332
1532
15336

1336


1
1532
15336

135336

32
2
15336e355659544555