CSV
idU UInt8 Codec(ZSTD(3))
1720000000000175555210000000961
172544448907978600000000001279999999999999999999999999990000000025436

1
2
15336

1

1336

151536

+672

153336

32
1532
15336

1336


1
1532
15332
1532
15388888888
1
1
1532
15336

135336

32
2
15336

1

1336

151536

+6737
1532
15336

1336

321532
15388888888888888888888888888888883336


151536

2672

153537
1532
15336

1336

32
1532
15336

1
1
1532
15336

135336

32
2
15336

1

1336

151536

+6737
1532
1536

+672

153336

336


1
1532
15330960
0797860000000000127321429614
7
