CustomSeparated
a LowCardinality(String)
1TSV
`ideUnx `Int8
-430000000007
77778
-437759






8












8












0


437759






8












8












0




159






8
0
Š


172











0




17249
4459
51



49
4459
59






0
7777777777777777777


8












0


437759






8












8












0




159






8
0




172











0




17249
4459
51



49
4459
59






0
7



0
37759






8












8












0


437759






8












8












0




159






8
0




172











0




17249
4459
51



49
4459
59













8












0




159






8
0




172











0




17249
4459
51



49
4459
59






0
777777777777777777777777

159






8
0




172











0
37759






8












8












0


437759






8












8












0




159






8
0




172











0




17249
4459
51



49
4459
59






0
77777777777str
51



49
4459
59






0
777777777777777777777777

159






8
0




17




1



0
77777777777str
51



49
4459
59






0
777777777777777777777777

159






8
0




17




17249


4459





5

9

