CSV
id UInt64 Codec(ZSTD())
172222222229888888888888888888888888888888888888888888888888888888888888888888888888836

135336

32
2
15336

1

1336

151536

+6737
1532
15336

1336

32
1532
15336

1
1
1532
15336

135336

32
2
15336

1

1336

151536

+672

153336

336


1
1532
15336

135336

32
2
15336

1

1336

151536

+672

153336

32
1532
15336

1336


1
1532
15332
15336

32
1532
15336

1
1
1532
15336

135336

32
2
15336

1

1336

151536

+6737
1532
15336

1336

32
1532
15336

1
1
1532
15336

135336

32
2
15336

1

1336

151536

+672

153336

336


1
1532
15336

135336

32
2
15336

1

18888851
