CSV
id Float
11.00
10
4532.0
01405
320
01405
322.80
10
452
22.80
10
22.00
10
4532.0
01405
322.80
10
452
22.80
10
453
452
2.80
10
452
22.80
10
22.00
10
4532.0
01405
322.80
1014022.80
10
453
452
2.80
10
452
22.80
10
22.00
10
4532.0
01405
322.80
101405
322.80
10
452
532.0
01405
320
01810
322.80
10
452
22.80
10
222.80
10
452
22.80
10
453
452
2.99
10
452
22.80
10
22.00
10
4532.0
01405
322.80
101405
452
22.80
10
453
452
2.80
10
452
22.80
10
22.00
10
4532.0
0140522.80
10
22322.80
10
452
22.80
10
22.00
10
4532.0
0
452
22.80
10
453
452
