CSV
id Float64 Codec(Delta, LZ4HC)
22.0000000000000003785507839570114788
5

579935555555555555555655555555555556

-36

1

16

1

1

336

1
1

16

1

155
1

155
5555
E
5799369544443555555555655555555555556

336

1

16
5555

5
16

1

155
1

155
5555
E

336

1
1

16

1

155
1

155
5555
E
5799369544443555555555655555555555556

336

1

16
5555

5
16

1

155
1

155
5555
E
5799369544443555555555555555

579935555555555555555655555555555556

-36

1

16

555555555
5555

579935555555555555555655555555555556

-36

1

16

1

1

336

1
1

16

1

155
1

155
5555
E
5799369544443555555555655555555555556

336

1

16
5555

5
16

1

155
1

155
5555
E

336

1
1

16

1

155
1

155
5555
E
5799369544443555555555655555555555556

336

1

16
5555

5
16

1

155
1

155
5555
E
5799369544443555555555655555555555556

4444355555564
