CSV
id Float
11.00
10
4532.0
01405
320
01405
322.80
10
452
22.80
10
22.00
10
4532.0
014050
22.00
10
4532.0
01405
322.80
10
452
22.80
10
453
452
2.80
10
452
22.80
10
22.00
10
4532.0
01405
322.80
101405
452
2
10
453
452
2.80
10
452
2
10
452
22.80
10
22.00
10
4532.0
01405
322.80
101405
22.00
10
4532.0
014022.80
10
453
452
2.80
10
452
22.80
10
22.00
10
4532.0
01405
322.80
101405
452
2
10
453
452
2.80
10
452
22.80
10
22.00
10
4532.0
01405
322.80
101405
322.80
10
452
532.0
2.80
10
453
452
2.80
10
452
22.80
10
22.00
10
4532.0
5
22.80
10
22322.80
10
452
22.80
10
22.00
10
4532.0
0
452
22.80
10

322.80
10
452
22.80
10
453
452
2.80
10
452
22.80
10
22.00
10
4532.0
01405
322.80
101405
452
22.80
10
453
452
2.80
10
452
22.80
10
22.00
10
4532.0
01005
322.80
101405
322.80
10
452
532.0
01405
320
01405
322.80
10
452
22.80
10
22.00
10
4532.0
01405
322.80
10
452
22.80
10
453
452
2.80
10
452
22.80
10
22.00
10
4532.0
01405
322.80
101405
22.00
10
4532.0
01405
22.80
10
22322.80
10
452
22.80
10
22.00
10
4532.0
0
452
22.80
10
453
452
