CSV
idU Int16 Codec(ZSTD(3))
15555555555555
4459
59



49
445
4459
59



49
4459
59


8
-430000000








0




159


17249
,







0




159


17249
4459
59



49
445
4459
59



49
4459
59


8
-430000000007
777


159


49
4459
59


8
-430000000007
777


159


17249









0




249
4459
59



49
445
4459
59



49
4459
59


8
-430000000007
777


159


17249









0




159


17007
77778
-437759






8


0




159


17249
4459
59



49
4459
59








0




159


17007
77778
-437759






8


0




159


17249
4459
59



49
4459
59






0
777777777777777775





8












0




159


17249
4459
59



49
445






0




159


17249
4459
59



49
445
4459
59



49
4459
59


8
-430000000007
777


159


17249









0




159


17249
4459
59



49
445
4459
59



49
4459
59


8159


17007
77778
-437759






8


0




159


17249
4459
59



49
4459
59








0




159


17007
77778
-437759






8


0




159


17249
4459
59



49
4459
59






0
777777777777777775





8












0




159


17249
4459
59



49
445






0




159


17249
4459
59



49
445
4459
59



49
4459
59


8
-430000000007
777


159


17249









0




159


17249
4459
59



49
445
4459
59



49
4459
59


8
-430000000








0




159


17249
,







0




159


17249
4459
59



49
445
4459
59



69
4459
59


8
-430000000007
777


159


17249









0




159


17007
77778
-437759






8


0




159


17249
4459
59



49
4459
59






0
77777777777777777779
445
44
55555555555555555555555555555


5
5








44444444440000005


5005955555555555555555


5
5




5


5
5








444444444400000005942762421546108502
