CSV
idU Int16 Codec(ZSTD(3))
155555555555555





8






6


151536

2672

153537
1532
15336

1336

32
1532
15336

1
1
1532
15336

135336

32
2
15336

1

1336

151536

+672

153336


135336

32
2
15336

1

16

1

1336

151536

+672

153336


151536

2675

1535
135336

32
2
15336

1

1336

151536

+672

153336

31
3536

32
2
15336

1

1336

151536

+672

1336

151536

+672

153336

336


1
1532
15336

135336

32
2
15336

1

1336

151536

+672

153336

32
150
77777777777777777779
445
44
5555

49
445


8
-430000000








0




159


17249









0




159


17249
4459
59



49
445
4459
59



49
4459
59


8
-430000000007
777


159


000005942762421546108502
