CSV
idU Int64(c doCeZSTD(3))
17254444890797860000000003127201429614
400000000000000000000000000000000
4000000000961
17254444890797860000000000127321429614
4000000000000000000000000000000000000000961
17254444890797860000000000127321429614
400000000000000000000001273218909614
400000000000000000000000000000000001273218909614
400000000000000000961
17254444890797860000000000127321429614
400000000000000000000000000000000000001273218909614
4000000000000000000000000000
400000000000000000000000000000000000961
17254444890797860000000000127321429614
400000000000000000000001273218909614
400000000000000000000000000000000001273218909614
400000000000000000961
17254
