TSVWithNames
d DateTime, a Int  ttl d + interval *** interval *****************************00

1

16



1

1

336

1
1

16

1

155
1T

1.00

1
1
6

1

1

336

1
1

16

1

155
1

15TSV
i  Int16
0



336

1

16

0


335355555556

336

1

16
5555

5
16

1

155
1

155
5555
E

336

1
1

16

1

155
1

155
5555
E
579936956

1
1

16

1

155
1

155
5555
E
5799369544443555555
1

155
1

155
5555
E
5799369544443555555
-0

155
1

155
5555
E
57993695444455
5555
E
57993695444435555555555

5
16

1

155
1

155
5555
E

336

1
1

16

1

155
1

155
5555
E
5799369544443555555
1

155
1

155
5555
E
5799369544443555555
-********************-******abSeparatedRawWithNamesAndTynterval ******************************* interval ***************************00

1

16



1

1

336

1
1

16

1

155
1

1.00

1
1
6

1

1

336

1
1

155
5555
E
57993695444455
5555
E
57993695444435555555555

5
16

1

155
1

155
5555
E

336

1
1

16

1

155
1

155
5555
E
5799369544443555555
1

155
1

155
5555
E
5799369544443555555
-0

155
1

155
5555
E
57993695445
1

155
5555
E
5799369544443555555
-0

155
1

155
5555
E
57993695444455
5555
E
57993695444435555555555

5
16

1

155
1

155
5555
E

336

1
1

16

1

155
1

155
5555
E
5799369544443555555
1

155
1

155
5555
E
5799369544443555555
-0

155
1

155
5555
E
57993695444455
5555
E
57993695444435555553555555555655555555555556

336

1

16
5555

5
16

1

155
1

155
5555
E

336

1
1

16

1

155
1

155
5555
ESV
i  Int1
5796
0



3393