CSV
id Float64 Codec(Delta, LZ4HC)
22.5555555655555555555555
5555

57993555555552.5555555655555555555555
55
22.5555555655555555555555
5555

57993

336

1

16

1

155
1
7155
5555

5799369544000000012823174100882092488

336

1

16
5555

579936954444355555555565555555555.5555555655555555555555
5555

57993555555552.5555555655555

579936555555552.5555555655555555555555
5555
6

336

1

16
5555

579936954444355555555565555555555.5555555655555555555555
5555

57993555555552.5555555655555

57993695444435664
