CSV
id Float32 Codec(Delta, LZ4HC)
22.84799369544444844444443695444446844444444356614444444443566113157993695444844444444443566113157911111111111111111111111111111111144444444356614444444443566113157993695444844444444443566113157911111111111111111111111111111111111116
1111111111143566144444444435661131579936954448444444444435661131579111111111111111111111111111111111111111111111111111111116
11111111111435661444444444356611544444844444444356611131579111111111111111111111111111111111111111111111111111111116
1111111111143566144
5799369544443555555555655555555555556

336

1

16
5555

579936954444355555555565555555555.5555555655555555555555
5555

57993555555552.5555555655555555555555
55
22.5555555655555555555555
5555

57993

336

1

1111111111111111111111111111119435664
