CSV
id Float64 Codec(Delta, LZ4HC)
22.847993695444448444444436954844444441111111111111111111111111111111111111111111111111116
111111111e111111111111111111111111111111111111111111111111111116
111111113157993695444811111111111111111111111111111111111111111116
111111111e1111111111111111111111116
111111111e1111111111111111111111111111111111111111116
111111111111111111111111111111111111111111111111111111111111111111116
111111111e11111111111111111111111111111111111111111111111111055555555558
111111111e11111111111111111111111119457911110000000000000000000000000000000000000000000008198552921648689612
111111111e111111111116
111111111e1111111111111111111111111111111111111111116
111111111111111111111111111111111111111111111111111111111111111111116
111111111e11111111111111111111111111111111111111111111111111111111111116
1111111111116
111111111111111111111111111111111111111111111111111111111111111111116
111111111e111111111111111111119435664
