TSV
`index` UInt8









459
59






8










172











0




17249
44





0








1
0




159






8












0




172
















159






8












0




8












0




172
















1559
59






8












0
5




0





8












0


72











0




17249
44





0




159






8









459
59






8






249
44





0








1
0




159






8












0




172
















159






8












0




8












0




173
















1559
59






8












0
5












0




172
















159






8












0





8












0


72











0




17249
44





0




159






8









459
59






8










172











0




17249
44





0








172











0




17249
44





0




159






8












0




172
















159






8












0




8












0




172
















1559
59






8












0
5












0




172










172
















1559
59






8












0
599768