CSV
id Float64 Codec(Delta, LZ4HC)
22.555555565555555556

-36

1

16

555555555
5555

5799355555555555555556555555555555155
1

155
56

-36

1

16

1

1

336

1
1

16

1

155
1

155
5555
E
57993695444

5799355555555555555556555555555555155
1

155
56

-36

1

16

1

1

336

1
1

16

1

155
1

155
5555
E
5799369544443555555555655555555555556

336

1

16
5555

5
16

1

155
1

155
5555
E

3343555555555655555555555556

336

1

16
5555

5
16

1

155
1

155
5555
E

336

1
1

16

1

155
1

155
5555
E
579955555555555556

336

1

16
5555

5
16

1

155
1

155
5555
E
55655555555555555
5

579935555555555555555655555555555556

-36

1

16

1

1

336

1
1

16

1

155
1

155
5555
E
5799369544

16
5555

5
16

1

155
1

155
5555
E

336

1
1

16

1

155
1

155
5555
E
5799369544443555555555655555555555556

336

1

16
5555

5
16

1

155
1

155
5555
E
579936954444355555555565555555555555555

579

16

1

155
1

155
5555
E
5799369544443555555555555655555555556

336

1

16
5555

5
16

1

155
1

155
5555
E

3
6
31
1

16

1

155
1

155
5555
3795E9
69544443555555555655555555555556

336

1

16
5555

5
16

1

155
1

155
5555
E
5799369544443555555555655555555555556

4444355555564
