CSV
25044um UInt8 COMMENT 'cêMEEnum(êcêMENT êêêêêêêêxtmment 3'
7254444444444444
17254544444479936954445
1725444446544444444444
+7254444444444444
17
+72544
17254544444479936954445
1725444446544444444444
+7254444444444444
17
+725444444444544444444444
+724444444444
+7254544
172544444444444
+725444444444544444444444
+444444444
17254544444479936954445
1725444447993695444435444444444
+725444444444544444444444
+724444444444
+7254544
172544444444444
+725444444444544444444444
+444444444
17254544444479936954445
1725444447993695444435444444444
+725444444446544444444444
+0000444
+725444444446544444444444
+0000000000000000000000000014755860352331677820
