CSV
idU UInt8 Codec(ZSTD(3))
1720000000000175555210000000961
17254444890797860000000000127999999999999999999999999999999999999999999999999999999999999999999999999999999920000000000155575210000000961
17254444890000000000000000000000000000000000789243439696679904
172544448797860000000000127321429614
4000000321429614
40000000000000000000000000000009999999999999999999999999999999999999999999999999999999999999999999999999999999999920000000000155575210000000961
17254444890797860000000000127321429614
400000000000000000044890797860000000000127321429614
40000000000000000000000000000009999999999999999999999999999999999999999999999999999999999999999999999999999999999920999999999999999999999999999999999999999999999920000000000155575210000000960
0797860000000000127321429614
7
