CSV
idU Int1
17254444890797860000000000127321429614
400127321429614
400000000000000000000001273218909614
400000000000000000000001273218909614
400000000000000000000000000000000000961
172544448907978273218909614
400000000000000000000001273218909614
40060000000054444890797860000000000127321429614
400127321429614
40000000000000000000000000000000000961
1725444489079700000000000000000001273218909614
400000000000000000000001273218909614
400000000000000000000000000000000000961
172544448907978273218909614
400000000000000000000001273218909614
4006000000000012732142900127321429614
400000000000000000000000000000000000001273218909614
4000000000000000000000004
