CSV
id UInt32 Codec(ZSTD(3))
17254444555555555555555555511111111555555555555555555555





5



5555555555555












455555555555555555555555555555111111111555555555555555555555





5






4









455555555555555555555555555555111111111555555555555555555555





5






4444444440000044444444000000059427624215461085024444444
1725444444455555555


44444444400000005942762421546



5555555555555












45551085024444444
1725444444455555555555555555555





5






4444444440000000594276242154610850243
