TSV
owaRu 	Int64
8444444444444444444444447244



















0

















44444444444444444447244



















0




































44448444444847243



















0

















44444444444444444447244



















0
































4



















0

















44444444444444444447244



















0
















444444444447
















0
































4



















0

















44444



















44448444444847244



















0

















44444444444444444447244





















444484444448888877
172544444888877
17254444444