CSV
idU UInt8 Codec(ZSTD(3))
1720000000000155575210000000000000000000000000000000000000000006137579























79




































4
172544444444944444444444
17254444444444444
172544944444444444
172544444444444444
17254444444444444
17254444479

































4
17254444444444444
17254493695144444
172544944444444444
172544444444444444
17254444444444444
17254444479

































4
17254444444444444
172544936000000000000000000000000000000000000000000000000000000000088454
