CSV
ilU Int1# Cod000666666000000000000000000
000000000000000664444440664444444444444444448888888897777
172544884444444444448888888897777
1725448888888897777
1725444444444444444444444444484444448888888444448888888897777
1725448888888897777
172544444444444444444444444448444444888888889748444444888888889774440000066440640000000006666660000000000000000000002544884444444444448888888897777
1725448888888897777
17254444444444444444444444444844444488888888989748444444888888889774440000066440640000000006666660000000000000000000002544884444444444448888888897777
17254488888888977844444488888
1725444444444444444444444444484444448888888444448888888897777
1725448888888897777
1725444444400000000000000006666660000000000000000000000000000000000000000664400000664406455
