CSV
id Float64 Codec(Delta, LZ4HC)
22.5555555555500664406400000000066666600000000000000000000000000000006666604659767778875000000000961
172544448907978273218909614
400000000000000000000001273218909614
40060000000789595
+724444444444
+7254444444444444
17254544444479936954445
1725444467778875000000000961
172544448907978273218909614
400000000000000000000001273218909614
40060000000789595
+724444444444
+7254444444444444
17254544444479936954445
1725444447993695444435444444444
444444
+725444444444544444444444
+7250000360624095
17
+725444444444544444444444
+72444444444454544
172544444444444
+725444444444544444444444
+7254444444444444
17
+725444444444544444444444
+724444444444
+767778875789595
+724444444444
+7254444444444444
17254544444479936954445
17254444
+724444444444
+767778875789595
+724444444444
+7254444444444444
17254544444479936954445
1725444447993695444435444444444
444447993695444435444444444
+725444444444544444444444
+7254444444444444
17
+725444444444544444444444
+724444444444
+724444444444
+7254544
172544444444444
47993695444435444444444
444444
+725444444444544444444444
+7250000360624095
17
+725444444444544444444444
+72444444444454544
172544444444444
+725444444444544444444444
+7254444444444444
17
+725444444444544444444444
+724444444444
+767778875789595
+724444444444
+7254444444444444
17254544444479936954445
17254444
+724444444444
+767778875789595
+724444444444
+7254444444444444
17254544444479936954445
1725444447993695444435444444444
444447993695444435444444444
+725444444444544444444444
+7254444444444444
17
+725444444444544444444444
+724444444444
+724444444444
+7254544
172544444444444
+725444444444544444444444
+72500000000000000444444
444444
+725444444444544444444444
+7250000360624095
17
+725444444444544444444444
+72444444444454544
172544444444444
+725444444444544444444444
+7254444444444444
17
+725444444444544444444444
+724444444444
+767778875789595
+724444444444
+7254444444444444
17254544444479936954445
17254444
+724444444444
+767778875789595
+724444444444
+7254444444444444
17254544444479936954445
1725444447993695444435444444444
444447993695444435444444444
+725444444444544444444440000006644000006644555555e355

95444435,