CSV
id Float
11.00
10
4532.0
01405
320
01405
322.80
10
452
22.80
10
22.00
10
4532.0
01405
322.80
32.0
01405
322.80
10
452
22.80
10
453
452
2.80
10
452
22.80
10
22.00
10
4532.0
01405
322.80
101405
452
22.80
10
453
452
2.80
10
452
22.80
10
22.00
10
4532.0
01405
322.80
101405
322.80
10
452
532.0
10
452
22.80
10
453
452
2.80
10
452
22.80
10
22.00
10
4532.0
01405
322.80
101405
452
22.80
10
453
452
2.80
10
452
22.80
10
22.00
10
4532.0
01405
322.80
101405
322.80
10
452
532.0
01405
320
01405
322.80
10
452
22.80
10
22.00
10
4532.0
01405
322.80
10
452
22.80
10
453
452
2.80
10
452
22.8080
10
22.00
10
4532.0
0
452
22.80
10
453
422.00
10
4532.0
01405
322.80
101405
452
22.80
10
453
452
2.80
10
452
22.80
10
22.00
10
4532.0
01405
322.80
101405
32
452
22.80
10
22.00
10
4532.0
01405
322.80
101405
322.80
10
452
532.0
10
452
22.80
10
453
452
2.80
10
752
22.80
10
.80
10
452
532.0
10
452
22.80
10
453
452
2.80
10
752
22.80
10
22.00
10
4532.0
01405
01405
322.80
10
452
22.80
10
22.00
10
4532.0
01405
322.80
32.0
01405
322.80
10
452
22.80
10
453
452
2.80
10
452
22.80
10
22.00
10
4532.0
01405
322.80
101405
452
22.80
10
453
452
2.80
10
452
22.80
10
22.00
10
4532.0
01405
322.80
101405
322.80
10
452
532.0
10
452
22.80
10
453
452
2.80
10
452
22.80
10
22.00
10
4532.0
01405
322.80
101405
452
22.80
10
453
452
2.80
10
452
22.80
10
22.00
10
4532.0
01405
322.80
101405
322.80
10
452
532.0
01405
320
01405
322.80
10
452
22.80
10
22.00
10
4532.0
01405
322.80
10
452
22.80
10
453
452
2.80
10
452
22.80
10
22.00
10
4532.0
01405
322.80
101405
452
22.80
10
453
452
2.80
10
452
22.80
10
22.00
10
4532.0
01405
22.80
10
22322.80
10
452
22.80
10
22.00
10
4532.0
0
452
22.80
10
453
422.00
10
4532.0
01405
322.80
101405
452
22.80
10
453
452
2.80
10
452
22.80
10
22.00
10
4532.0
01405
322.80
1014022.00
10
4532.0
01405
01405
322.80
10
452
22.80
10
22.00
10
4532.0
01405
322.80
32.0
01405
322.80
10
452
22.80
10
453
452
2.80
10
452
22.80
10
22.00
10
4532.0
01405
322.80
101405
452
22.80
10
453
452
2.80
10
452
22.80
10
22.00
10
4532.0
01405
322.80
101405
322.80
10
452
532.0
10
452
22.80
10
453
452
2.80
10
452
22.80
10
22.00
10
4532.0
01405
322.80
101405
452
22.80
10
453
452
2.80
10
452
22.80
10
22.00
10
4532.0
01405
322.80
101405
322.80
10
452
532.0
01405
320
01405
322.80
10
452
22.80
10
22.00
10
4532.0
01405
322.80
10
452
22.80
10
453
452
2.80
10
452
22.80
10
22.00
10
4532.0
01405
322.80
101405
452
22.80
10
453
452
2.80
10
452
22.80
10
22.00
10
4532.0
01405
22.80
10
22322.80
10
452
22.80
10
22.00
10
4532.0
0
452
22.80
10
453
422.00
10
4532.0
01405
322.80
101405
452
22.80
10
453
452
2.80
10
452
22.80
10
22.00
10
4532.0
01405
322.80
101405
32
452
22.80
10
22.00
10
4532.0
01405
322.80
610424
322.80
10
452
532.0
10
452
22.80
10
453
452
2.80
10
452
22.80
10
22.00
10
4532.0
01405
31
310
22.00
52
