TSVWithNames
d DateTime, a Int  ttl d + interval *** interval *****************************00

1

16



1

1

336

1
1

16

1

155
1

1.00

1
1
6

1

1

336

1
1

16

1

155
1

155
5555
E
579936954444TSV
`hdNx3555555555655555555555556

336

1

16
5555

5
16

1

155
1

155
5555
E

336

1
1

16

1

155
1

155
5555
E
5оооооооооооооооооооооооооо79936956

1
1

16

1

155
1

155
5555
E
5799369544443555555
1

155
1

155
5555
E
5799369544443555555
-0

155
1

155
5555
E
57993695444455
5555
E
57993695444435555555555

5
16

1

155
1

155
5555
E

336

1
1

16

1

155
1

155
5555
E
5799369544443555555
1

155
1

155
5555
E
5799369544443555555
-********************-******AabSeparatedRawWithNamesAndTynterval ******************************* interval ***************************00

1

16



1

1

336

1
1

16

1

155
1

1.00

1
1
6

1

1

336

1
1

16

1

155
1

155
555
55E
799369544443555555555655555555555556

336

1

16
5555

5
16

1

155
1

155
5555
E

336

1
1

16

1

155
1

155
5555
E
579936956

1
1

16

1

155
1

155
5555
E
5799369544443555555
1

155
1

155
5555
E
5799369544443555555
-0

155
1

155
5555
E
57993695444455
5555
E
57993695444435555555555

5
16

1

1ы`Int855
1

155
5555
E

336

1
1

16

1

155

71

155
5555
E
5799369544443552005555
1

155
1

155
5555
E
5799369544443555555
-0

155
1

155
5555
E
579936900015444455
5555
E
57993695444435555553555555555655555555555556

336

1

16
5