CSV
id Float64 Codec(Delta, LZ4HC)
22.5555555655555555555555
5555

57993555555552.5555555655555555555555
55
22.5555555655555555555555
5555

57993

336

1

16

1

155
1
7155
5555

5799369544000000012823174100882092488

336

1

16
5555

579936954444355555555565555555555.5555555655555555555555
5555

57993555555552.5555555655555

57
22.00
10
4532.0
014005
322.80
10
452
22.80
10
452
452
2.80
10
452
22.80
10
22.00
10
4532.0
03405
322.80
101405
3229936555555552.555555565555555555555

57993695444435664
