CSV
ilU Int1# Codec(ZSTPipeliNeExec))
0038200000000044444444444
+724444444444
+724444
17
+725444444444544444444444
+724444444444
+7254544
1744444444
+724444444444
+724442544444444444
+725444444444544444444444
+725000036062409554000000004444444
+724444444444
+724444
17
+725444444444544444444444
+724444444444
+7254544
1744444444
+724444444444
+724442544444444444
+725444444444544444444444
+7250000360624095
17
+725444444444544444444444
+72444444444454543
172544444444444
+725444444444544444444444
+7254444444444444
17
+725444444444544444444444
+724444444444
+7254444444444444
17254540000000000000000000000666666000000000000000000004444444454444442444444
+7254444444444444
17
+725444444444544444444444
+724444444400000000000000666666000000000000000000004444444454444442444444
+7254444444444444
17
+725444444444544444444444
+724444444444
+724444
17
+725444444444544444444444
+724444444444
+7254544
172544444444444
+725444444444544444444444
+72500000000000000000000664400000664406455
