CSV
id Float64 Codec(Delta, LZ4HC)
22.5555555655555555555555
5555

57993555555552.5555555655555555555555
5555

579935555555555555555655555555555556

336

-

16

1

1

336

1

16

1

155
1

155
5555

579936954434455555
5555

57993555555552.5555555655555555555555
5555

579935555555555555555655555555555556

336

-

16

1

1

336

1

16

1

155
1

155
5555

579936954434455555555655555555555556

336

-

16

1

1

336

1

16

1

155
1

155
5555

579936955555555655555555555556

336

-

16

1

1

336

1

16

1

155
1

155
5555

57993695445564
