TSV
`ideUnx `Int8
-4300000000



0
777777777777777707
77778
-437















0




159

0




8
0




172











0




17249
4459
59



4


8












0


437759






8












8












0




159






8
0




172











0




17249
4459
59





159






8
0




172











0




17249
4459
59



49
4459
59






0
7777777777779
4459
59






0
777777777777777777777777

159






8
0




172











0




17249
4459
59



49
4459
59






0
777777777777777777777777777