CSV
idU Int1

49
445






0




159


17249
4459
59



49
445
4459
59



49
4459
59


8
-430000000007
777


159


17249









0




159


17249
4459
59



4959



49
4459
59


8
-430000000007
777


159


17249









0




159


17249
4459
59



49
445
4459
59



49
4459
59


8
-430000000








0




159


17249
,







0




159







44444444440000005


2
5






00005955555555555555555


5
5


59



49

59


8
-430000000








0




159


1724
59



49
4459
59


8
-430000000007
777


159


17249









0




159


17249
4459
59



49
445
4559
59



49
445959



49
4459
59


8
-430000000007
777


159


17249









0




159


17249
4459
59



49
445
4459
59



49
4459
59


8
-430000000








0




159


17249
,







0




159







44444444440000005


2
5






00005955555555555555555


5
5


59



49

59


8
-430000000








0




159


1724

17249
4459
5

17249
4459
59



49
445
4459
59



49
4459
59


8
-430

00005955555555555555555


5
5


59



49
4459
59


8
-430000000








0
421546108502
