CSV
idU Int16 Codec(ZSTD(3))
155555555555555555555555555555555555555


5
4














8












8












0




159


17249
4459
59



49
445






5




159


17249
4459
59



49
445
4459
59



49
4459
59


8
-430000000007
777


159


17249









0




474


17249
4459
59



49
445
4459
59



49
4459
59


8
-430000000








0




159


17240








0




159


17249
4459
59


45
4459
59



49
4459
59


8
-43
17249
4459
59



49
4459
59






0
77777777777777777779
445
4437759






8


0




159


17249
4459
59



49
4459
59






0
77777777777777777779
4452762421546108502
