CSV
id Float64 Codec(Delta, LZ4HC)
22.84799369544444844444443695484444444444443566144444444435661131579936954448111111111444444444443566144444444435661111111111111111111111111111111111111111111111111111111111111116
111111111e111111111111111111111111111111111111111111111111111116
111111113157993695444811111111111111111111111111111111111111111116
111111111e111111111111111111111111111111111111111111111111111116
111111111e1111111111111111111111111111111111111111116
111111111111111111111111111111111111111111111111111111111111111111116
111111111e11111111111111111111111111111111111111111111111111111111111116
111111111e11111111111111111111111119457911110000000000000000000000000000000000000000000008198552921648689611
111111111e111111111111111111111111111111111111111111111111111116
111111111e1111111111111111111111111111111111111111116
111111111111111111111111111111111111111111111111111111111111111111116
111111111e1111111111111111111111111111111111111111111111111111111111111111111111116
111111111e111111111111111111111111111111111111111111111111111116
111111113157993695444811111111111111111111111111111111111111111116
111111111e111111111111111111111111111111111111111111111111111116
111111111e1111111111111111111111111111111111111111116
111111111111111111111111111111111111111111111111111111111111111111116
111111111e11111111111111111111111111111111111111111111111111111111111116
111111111e11111111111111111111111119457911110000000000000000000000000000000000000000000008198552921648689611
111111111e111111111111111111111111111111111111111111111111111116
111111111e1111111111111111111111111111111111111111116
111111111111111111111111111111111111111111111111111111111111111111116
111111111e11111111111111111111111111111111111111111111111111111111111116
1111111111116
111111111111111111111111111111111111111111111111111111111111111111116
1111111111116
111111111111111111111111111111111111111111111111111111111111111111116
111111111e111111111111111111119435664
