CSV
id UInt32 Codec(ZSTD(3))
1725444455555555555555555555555555555555555555555












45555555555555555555555555555555555555555












455555555555555555555555555555111111111555555111111111111110





5



5575555555555












455555555555555555555555555555111111111555555555555555555555





5






4









655555555555555555555555555555111111111555555555555555555555





5






4444444440000044444444001085024444444
1725444444455555555


444444444000000059427624215461085024444444
1725444444455555555555555555555





5






4444444040040000594276242154610850243
