CSV
id Float64 Codec(Delta, LZ4HC)
22.5555





155555555555555000000000000000000000005555





15555555555555500000000000000000055

5

+
55555555555000000000000000000000000000000000000000000000010E2304001


5
5

00059427624214610585000010E2304001


5
5

00059427
22.5555





155555555555555000000000000000000000000000000000000000000000010E2304001


5
5

00059427624





155555555555555000000000000000000000000000000000000000000000010E2304001


5
5

00050000000000000000000000010E2304001


5
5

00059427
22.5555





155555555555555000000000000000000000000000000000000000000000010E2304001


5
5

00059427624214610585000010E2304001


5
5

00059427
22.5555





15555555555555500000000000000000055

5

+
55555555555000000000000000000000000000000000000000000000010E2304001


5
5

00059427624214610585000010E2304001


5
5

00000000000010E2304001


5
5

00059427624214610585000010E2304001


5
5

00059427
22.5555





155555555555555000000000000000000000000000000000000004





155555555555555000000000000000000000000000000000000000000000010E2304001


5
5

00050000000000000000000000010E2304001


5
5

00059427
22.5555





155555555555555000000000000000000000000000000000000000000000010E2304001


5
5

00059427624214610585000010E2304001


5
5

00059427
22.5555





15555555555555500000000000000000055

5

+
55555555555000000000000000000000000000000000000000000000010E2304001


5
5

00059427624214610585000010E2304001


5
5

00059427
22.5555
059427624





155555555555555000000000000000000000000000000000000000000000010E2304001


5
5

00059427624214610585000010E2304001


5
5

00059427
2555555555555555555555555575555


58579936159427
22.5555
059427624





155555555555555000000000000000000000000000000000000000000000010E2304001


5
5

00059427624214610585000010E2304001


5
5

00059427
2555555555555555555555555575555


5857993615444435664
