CSV
idU Int16 Codec(ZSTD(3))
15555




8












0




159


17249
4459
59



49
445






0




159


17249
4459
59



49
445
4459
59



49
4459
59


8
-430000000007
777


159


17249







49
445
4459
59



49
4459
59


8
-430000000








0




159


17249









0




159


17249
4459
59



49
445
4459
59



49
4459
59


8
-43
17249
4459
59



49
4459
59






0
77777777777777777779
445
4437759






8


0




159


17249
4459
59



49
4459
59






0
77777777777777777779
4452762421546108502
