CSV
id Float64 Codec(Delta, LZ4HC)
22.55555555

57

5799369544443555555555655555555555556

336

1

16
5555

57993695444435555555556555555555555

579935555555555555.5555555655555555555555
5555

579935555555556555552.5555555655555555555555
55
22.5555555655555555555555
5555

57993

336

1

16

1

155
1
7155
5555

5799369544443555555555655555555555556

336

1

16
5555

579936954444355555555565555555555.5555555655555555555555
5555

57993555555552.5555555655555

579936555555552.5555555655555555555555
5555

579935555555555555555655555555555556

-36

1

16

55

579935555555555555555655555555555556

-36

1

16

1

1

336

1

16

1

155
1
7155
5555579936954444355555555565555555555.5555555655555551111110
5555

57993555555552.5555555655555

57

5799369544443555555555655555555555556

336

1

16
5555

579936954444355555555565555555555.5555555655555555555555
5555

57993555555552.5555555655555

57993695444435664
