CSV
id Float
2.00

1

16

1

1

336

1
1

16

1

155
1

155
5555
E
579936954444






8












8












0


437759






8












8












0




159






8
0




172











0




17249
4459
51



49
4459
59






1
7777777777777777777


8












0


437759






8












8












0




159






8
0




172











0




17249
4459
51



49
4459
59






0
7777777777777777777777773555555555651
1

16

1

155
1

155
5555
E
579936954444






8












8












0


437759






8












8












0




159






8
0




172











0




17249
4459
51



49
4459
59






1
7777777777777777777


8












0


437759






8












8












0




159






8
0




172











0




17249
4459
51



49
4459
59






0
7777777777777777777777773555555555655555555555556

336

1

16
5555

5
16

1

155
1

155
5555
E

336

1
1

16

1

155
1

155
5555
E
5799369544443555555555655555555555556

336

1

16
5555

5
165555
-5555555555556

336

1

16
5555

5
16

1

155
1

155
5555
E

336

1
1

16

1

155
1

155
5555
E
5799369544443555555555655555555555556

336

1

16
5555

5
165555
-0
4532
