CSV
idU Int32 Codec(ZSTD(0))
15555555555555511111111155555555








40200005942762421546108502
5555555555555


555555555555511111111155555555








40200005942762421546108502
5555555555555





5




5555555555555


55555555555












45555555555555555555555555555511111111155555555








40200005942762421546108502
5555555555555


555555555555511111111155555555








40200005942762421546108502
5555555555555





5




5555555555555





5555





5






44444444400200005942762421546108502
