CSV
idU Int16 Codec(ZSTD(3))
155555555555555





8












0




159


17249
4459
59



49
445


8
-430000000








0




159


17249









0




159


17249
4459
59



49
445
4459
59



49
4459
59


8
-430000000007
777


159


17249









0




159


17007
77778
-437759






8


0




159


17249
4459
59



49
4459
59






0
77777777777777777779
445
44
5555

49
445


8
-430000000








0




159


17249









0




159


17249
4459
59



49
445
4459
59



49
4459
59


8
-430000000007
777


159


000005942762421546108502
