CSV
id UInt64 Codec(ZSTD(3))
172000000055555555555555


5
5

000594276242146105851





5555555555555555555555555555555


5
5

00059427624214

5
5

000594276242146105850





5555555555555555555555555555555


5
5

000594276242146105850







1555555555555555555567581555555550000000000000000555555555555555555555


5
5

000594276242146105850





5575555555555555555555555555555


5
5

000597581555555550000000000000000555555555555555555555


5
5

000594276242146105850





5575555555555555555555555555555


5
5

000594276242146105850







15555555555555555555675815555555555555575521955555555


5
5

000594276242146105850







15555555555555555555675815555555504730
502
