CSV
idU Int1
17254444890791429614
400127321429614
400000000000000000000001273218909614
400000000000000000000001273218909614
400000008907978273218909614
400000000000000000000001273218909614
40060000000054444890797860000000000127321429614
400127321429614
-00000000000000000000001273218909614
400000000000000000000001273218909614
400000000000000000000000000000000000961
17254444890797818909614
400000000000000000000001273218909614
4006000000000012732142900127321429614
400000000000000000000000000000000000001273218909614
4000000000000000000000004
