TSV
`ideUnx `Int8
-4300000000000000000000000000000000000000000000000000000000000000000000000000000000007
77778
-4300000000000007777777777777777777777777777777777777777777770000000000000000000000007
77778
-430000000000000777700007
77778
-430000000000000777777777777777777777777
-4300000000000000000000000000000000000000000000000000000000000000000000077777777777777777777
-4300000000000000000000000000000000000000000000000000000000000000000000000000000000013
77778
-43000000000000077777777777777777777778
-43000777777777