CSV
ilU Int1# Codec(ZSTPipeliNeExec)000000000000000000000666666000000000000000000
+000000000000000664400000664406400000000066666600000000000000000000000000000006666604659767778875789595
+724444444444
+7254444444444444
17254544444479936954445
1725444447993695444435444444444
+725444444444544444444444
+7254444444444444
17
+725444444444544444444444
+724444444444
+724444
17
+725444444444544444444444
+724444444444
+7254544
172544444444444
+725444444444544444444444
+7250000360624095
17
+725444444444544444444444
+72444444444454544
172544444444444
+725444444444544444444444
+7254444444444444
17
+725444444444544444444444
+724444444444
+7254444444444444
172545400000000000000000000006666660000000000000000000044444444544444444444
+7254444444444444
17
+725444444444544444444444
+724444444444
+724444
17
+725444444444544444444444
+724444444444
+7254544
172544444444444
+725444444444544444444444
+72500000000000000000000664400000664406455
