CSV
idT Int32 NULL


499044


5
5






55555


5
5




5


5
5








444444


5
5



444440


4
440
83699045


5
5




5
5






55555


5
5




5


5
5
44




5555
499044


5
5






55555


5
5




5


5
5








444444


5
5



444440


4
440
83699045


5
5




5
5






55555


5
5




5


5
5








444444


5
5



444440


4







444444


5
5



444440


4
440
83699045


5
5






55555


5
5




5


5
5








44444444




55555


5
5




5


5





55555


5
5




5


5
5








44444444




5555
499044


5
5






55555


5
5




5


5
5








444444


5
5



444440


4
440
83699045


5
5




5
5






55555


5
5




5


5
5








444444


5
5



444440


4
440
83699045


5
5






55555


5
5




5


5
5








44444444




55555


5
5




5


5





55555


5
5




5


5
5








44445


5
5




5


5

4
415462
