CSV
id Float64 Codec(Delta, LZ4HC)
22.5555555655555555555555
5555

5795555
5555

579935555555555555555655555555555

5799369544443555555555655555555555556

336

1

16
5555

57995555555555655555555555556

-36

1

16

1

1

336

9

16

1

155
1

155
5555

5799369544443555555555655555555555556

336

1

16369544443555555555655555555555556

336

1

16

1

1

336
5556

-36

1

16

1

1

336

1

16

1

155
1

155
5

336

1

16
5555

57995555555555655555555555556

-36

1

16

1

1

336

1

16

1

155
1

155
5555

5799369544443555555555655555555555556

336

1

16369544443555555555655555555555556

336

1

16

1

1

336

1

16

1

155
5555

57993695444435664
