CSV
idU UInt8 Codec(ZSTD(3))
1720000000000175555210000000961
172544448907978600000000001279999999999999999999999999990000000004477988020393345014
17254444890797860000000000127321429614
4000000000000000000000000000000000000000000000000000000000000000789243439696679904
199999999999999999920000000000155575210000000961
17254444890797860000000000127321429614
400000000000000000000000000789243439696679904
17254444890797860000000000127321429614
4000000021000999999999999999999999999920000000000100155575210000000961
17254444890797860000000000127321429614
4000000000000000000000000000000000000000000000000000000000000000789243439696679904
199999999999999999920000000000155575210000000961
17254444890797860000000000127321429614
4000000006679904
199999999999999999920000000000155575210000000961
1725439696679904
172544448914
40000000210000000960
0797860000000000127321429614
7
