CSV
id UInt32 Codec(ZSTD(3))
1725444455555555555555555555555555555555555555555












45555555555555555555555555555555555555555












4555555555555555555555555555551111111115555555555555555












45555555555555555555555555555511111111155555





45555555555555555





5



5555555555555












455555555555555555555555555555111111111555555555555555555555





5






444444444000000059427624215461085024444444
1725444444455555555555555555555555555555111111111555555555555555555555





5



5555555555555









4
555

55555555555555555555555555111111111555555555555555555555





5






44444444400000005942765555555555





5






4444444440000000594276242154610850243
