CSV
id Float32 Codec(Delta, LZ4HC)
22.847993666113157993695444811111111144444441111111111111111111111116
111111111e11111111111111111111111111111111111111111111111111111111111116
111111111e11111114444356614444444443566113157993695444811111111111111111111111111111111111111111116
111111111e111111111111111111111111111111111111111111111111111116
111111111e1111111111111111111111111111111111111111116
111111111111111111111111111111111111111111111111111111111111111111116
111111111e11111111111111111111111111111111111111116
111111111e11111114811111111111111111111111111111111111111111116
111111111e111111111111111111111111111111111111011111111111111116
111111111e1111111111111111111111111111111111111111116
111111111111111111111111111111111111111111111111111111111111111111116
111111111e11111111111111111111111111111111111111116
111111111e11111111111111111111111119457911111111111111111111111111111111111111111111111111111111111111111116
111111111e11111111111111111111111111111111111116
111111111e11111111111111111111111111111111111111111111111111111111111116
111111111e11111111111111111111111111111111111111111111111111111116
111111111e11111111111111111111111111111111111111111111111111111111111116
1111111111116
11111111111111111111941111111e11111111111111111111111111111111111116
111111111e11111111111111111111111111111111111111111111111111111111111116
111111111e11111111111111111111111111111111111111111111111111111116
111111111e11111111111111111111111111111111111111111111111111111111111116
1111111111116
111111111111195444448444444436954844444444444435661444444444356611315799367993695444811111111111111111111111111111111111111111116
111111111e111111111111111111111111111111111111111111111111111116
111111111e1111111111111111111111111111111111111111116
111111111111111111111111111111111111111111111111111111111111111111116
111111111e11111111111111111111111111111111111111116
111111111e11111114811111111111111111111111111111111111111111116
111111111e111111111111111111111111111111111111011111111111111116
111111111e1111111111111111111111111111111111111111116
111111111111111111111111111111111111111111111111111111111111111111116
111111111e11111111111111111111111111111111111111116
111111111e11111111111111111111111119457911111111111111111111111111111111111111111111111111111111111111111116
111111111e11111111111111111111111111111111111116
111111111e11111111111111111111111111111111111111111111111111111111111116
111111111e11111111111111111111111111111111111111111111111111111116
111111111e11111111111111111111111111111111111111111111111111111111111116
1111111111116
11111111111111111111941111111e11111111111111111111111111111111111116
111111111e11111111111111111111111111111111111111111111111111111111111116
111111111e11111111111111111111111111111111111111111111111111111116
111111111e11111111111111111111111111111111111111111111111111111111111116
1111111111116
111111111111111111111111111111511111111111111111111111111111111111116
111111111e111111111111111111119435664
