CSV
ilU Int1# Codec(ZSTPipeliNeExec))
0038200000000044444444444
+724444444444
+724444
17
+725444444444544444444444
+724444444444
+7254544
1744444444
+724444444444
+724442544444444444
+725444444444544444444444
+7250000360624095
17
+725444444444544444444444
+72444444444454543
172544444444444
+725444444444544444444444
+7254444444444444
1
+7250000360624095
17
+725444444444544444444444
+72444444444454543
172544444444444
+725444444444544444444444
+7254444444444444
13
+444
+724444444444
+7254444444444444
4
+7250000360624095
17
+725444444444544444444444
+72444444444454543
172544444444444
+725444444444544444444444
+7254444444444444
1
+7250000360624095
17
+725444444444544444444444
+72444444444454543
172544444444444
+725444444444544444444444
+7254444444444444
13
+444
+724444444444
+7254444444444444
172545400
155
1

155
5555

57

-36

6455
