TSV
i Int128
616




















47244



















0

















44444444























4



















0

















44444444444444444447244



















0
















444444444447
















0
































4



















0
























-4447243











0

















44444444444444444447244



















0
































4



















0

















44444444444444444447244



















0
















444444444447
















0
































4



















0
























-44448444444847243




















-2
