CSV
id Float
22.00
10
4532.0
01404
322.80
10
452
22.80
10
22.00
10
4532.00
10
4532.0
01405
322.80
10
452
22.80
10
2
4532.0
01405
322.80
10
55555555555655555555555556

336

-

16

1

1

336

1

16

1

155
1

155
5555

579936954444355555555655555555555556

336

-

16

1

1

336

1

16

1

155
12.80
5
322.80
10
452
452
5555555555
5555

57993555555552.5555555555555555655555555555556

336

-

16

1

1

336

1

16

1

155
1

155
5555

579936954444355555555655555555555556

336

-

16

1

1

336

1

16

1

155
1

155
55452
