CSV
id UInt32 Codec(ZSTD(3))
172544
1724444444
17
+725444444444544444444444
+7244444444446444444444
+725444444444544444444444
+7254444444444444
17
+725444444444544444444444
+724444444444
+7254444444444444
172545444444799367254444444444444
17
+725444444444544444444444
+724444444444
+7254444444444444
17254544444479936954445
1724444
+7254444444444444
17
+725444444444544544444444444
+7254444444444444
17
+725444444444544444444444
+724444444444
+7254444444444444
172544444444444544444444444
+7254444444444444
17
+725444444444544444444444
+724444444444
+7254444444444444
172545444444799367254444444444444
17
+725444444444544444444444
+724444444444
+7254444444444444
17254544444479936954445
1724444
+7254444444444444
17
+725444444444544544444444444
+7254444444444444
17
+725444444444544444444444
+724444444444
+7254444444444444
172544444444
1724444444
17
+725444444444544444444444
+7244444444446444444444
+725444444444544444444444
+7254444444444444
17
+725444444444544444444444
+724444444444
+7254444444444444
172545444444799367254444444444444
17
+725444444444544444444444
+724444444444
+7254444444444444
17254544444479936954445
1724444
+7254444444444444
17
+725444444444544544444444444
+7254444444444444
17
+725444444444544444444444
+724444444444
+7254444444444444
172544444444444544444444444
+7254444444444444
17
+725444444444544444444444
+7244454745479936954445
1725444447993695444435661314
1725449369514
