CSV
id Float64 Codec(Delta, LZ4HC)
22.555555555550006644444444
+7250000360624444444454544
172544444444444
+725444444444544444444444
+72254444
+724444444444
+7254544
172544444444444
+725444444444544444444444
+7250000000000000444444444544444444444
+725000000000000000000006644000006644555555e355

644555555e355

444444444
17
+7254444
+724444444444
+7254544
172544444444444
+725444444444544444444444
+7250000000000000444444444544444444444
+725000000000000000000006644000006644555555e3
4

644555555e355

95444435,