CSV
id Float
2.00

1

16

1

1

336

1
1

16

1

155
1

1.00

1

16



1

1

336

1
1

16

1

155
1

1.00

1

16

1

1

336

1
1

16

1

155
1

155
5555
E
5799369544443555555555655555555555556

336

1

16
5555

5
16

1

155
1
79936956

1
1

16

1

155
1

155
5555
E
5799369544443555555
1

155
1

155
5555
E
5799369544443555555
-0

155
1

155
5555
E
57993695444455
5555
E
57993695444435555555555

5
16

1

155
1

155
5555
E

336

1
1

16

1

155
1

155
5555
E
5799369544443555555
1

155
1

155
5555
E
5799369544443555555
-0

155
1

155
5555
E
57993695444455
5555
E
57993695444435555553555555555655555555505556

336

1

16
5555

5
16

1

155
1

155
5555
E

336

1
1

16

15
1

155
5555
E
5799369544443555555
-0

155
1

155
5555
E
57993695444455
5555
E
57993695444435555553555555555655555555555556

336

1

16
5555

5
16

1

155
1

155
5555
E

336

1
1

16

1

155
1

155
5555
E
5799369544443555555
1

155
1

155
5555
E
5799369544443555555
-0

155
1

155
5555
E
57993695444455
5555
E555
E
579936954444355555535516

1

155
1

155
5555
E

455
5555
E
57993695444435555553555555555655555555555556

336

1

16
5555

5
16

1

155
1

155
5555
E

336

1
1

16

1

155
1

155
5555
E
5799369544443555555
1

155
1

155
5555
E
5799369544443555555
-0

155
1

155
5555
E
57993695444455
5555
E555
E
579936954444355555535516

1

155
1

155
5555
E

331

1
1

16

1

155
1

155
5555
E
57993695444435555555
E
579936954444355555535555555556555555555055555
1

155
5555
E
5799369544443555555
-8
4532
