CSV
idU UInt8 Codec(ZSTD(3))
1720000000000155575210000000961
17254444890797860000000000127999999999999999999999999999999999999990000000000000000000000000000000000000000000000000001225159194272344002
17254444890797860000000000127321429614
4000000321429614
409999999999999999999999999999999999999999999999999999999999999999999999999920000000000155575210000000961
17254444890797860000000000127321429614
4000000000000000000000000000000999999999999999999999999999999999999975210000000961
172544448907978600000000001273214296140
0004000000000000000000000000009999999999999999999999999999999999999999999999999999999999999999999999999999999999920999999999999999999999999999999999999999999999920000000000155575210000000961
0797860000000000127321429614
7
