CSVWithNames
ididU Int32 Codec(ZSTD(3))
15555555555553

1336

151536

2672м
153537
1532
15336

1336

32
1532
15336

1336


1
1532
15336

135336

32
2
15336

1

1336

151536

+672

153336


151536

2672

15353

32
22
1532
12336

1336


1
1535555555555553

1336

151536

2672

153537
1532
15336

1336

32
1532
15336

1336


1
1532
15336

135336

32
2
15336

1

1336

151536

+672

153336


151536

2672

15353

32
2
15336

1

1336

151536

+672

153336

336


1
1532
15336

135336

32
2
15336

1

1336

151536

+672

153336

32
1532
15336

1336


1
сссссссссссссссссссссссссссссссссссссссссњњњњњњњњ5335336

1

1336

151536

+672

153336

336


1
1235
15336

135336

32
2
15336

1

1336

151536

+672

153 NULL DEFAULT 14
714
