TSVWithNames
d DateTime, a Int  ttl d + interval *** interval *****************************00

1

16



1

1

336

1
1

16

1

155
1

1.00

1
1
6

1

1

336

1
1

16

1

155
1

155
5555
E
5799369544443555555555655555555555556

336

1

16
5555

5
16

1

155
1

155
5555
E

336

1
1

16

1

155
1

155
5555
E
579936956

1
1

16

1

155
1

155
5555
E
5799369544443555555
1

155
1

155
5555
E
5799369544443555555
-0

15eparatedRawWithNamesAndTynterval ******************************* interval ***************************00

1

16



1

1

336

1
1

16

1

155
1

1.00

1
1
6

1

1

336

1
1

16

1

155
1

155
5555
E
5799369544443555555555655555555555556

336

1

16
5555

5
16

1

155
1

155
5555
E

336

1
1

16

1

155
1

155
5555
E
579936956

1
1

16

1

155
1

155
5555
E
57993695444435555‘‘‘‘‘‘‘‘‘‘‘‘‘
1

16

1

155
1

155
5555
E
5799369544443555555
1

155
1

155
5555
E
5799369544443555555
-0

155
1

155
5555
E
57993695444455
55544443555555
1

155
1

155
5555
E
5799369544443555555
-0

155
1

155
5555
E
5799355
5a55