CSV
ilU Int1# Codec(ZSTPipeliNeExec))
00382000000000000008875789595
+724444444444
+7254444444444444
17254544444479936954445
1725444447993695444435444444444
+725444444444544444444444
+7254444444444444
17
+725444444444544444444444
+724444444444
+724444
17
+725444444444544444444444
+724444444444
+7254544
172544444444444
+725444444444544444444444
+7254444444444444
17
+725444444444544444444444
+72444444444454544
172544444444444
+444444444
17
+725444444444544444444444
+724444444444
+7254444444444444
172545400000000000000000000006666660000000000000000000000000000000000000000664400000664406455
