CSV
idU UInt8 Codec(ZSTD(3))
17200000075210000000961
17254444890797860000000000127321429614999999999999999999999999999975210000000961
17254444890797860000000000127321429614
400000000000000000000000000000099999999999999999999
4000000321429614
40000000000000000000000000000009999999999999999999999999999999999999999999999999999999999999999999999999999999999920000000000155575210000000961
17254444890797860000000000127321429614
4000000000000000000000000000000999999999999999999999999999999999999975210000000961
17254444890797860000000000127321429614
40000000000000000000000000000009999999999999999999999999999999999999999999999999999999999999999999999999999999999920999999999999999999999999999999999999999999999920000000000155575210000000961
0797860000000000127321429614
7
