CSV
idU Int32 Codec(ZSTD(0))
15555555555555555555












45555555555555555555555555555511111111155555555








45555555555555555555555555555511114001111111555555555555555555555





5






44444444400200005942762421546108502
5555555555555





5




5555555555555511111111155555555








455555555555555555555555555555111111111555555555555555555555





5






444444444001111111555555555555555555555





5






44444444400200005942762421546108502
5555555555555





5






44444444400200005942762421546108502
