TSV
owaRju 	Int64
8444477
172544444444444444444444444448400000000000000082845572720312300000082845572720312331238264
1725444888897777
31238264
1725444888897777
17254444400000000000000000000000727203123000000828455727203123312382612331238264
1725444888897777
31238264
1725444888897777
1725444440000000000000000000000072720312300000082845572720312331238264
1725444888897777
31238264
1725444888897777
1725444440000000000000000000000000000000000000000828455727203124
172500000000000000000828455727203124
172544488889774
1725444888897777
31238264
1725444888897777
1725444440000000000000000000000000000000000000000828455727203124
172500000000000000000828455727203124
1725444888897777
17254444
14